Data_manuscript/Scotland/SBE55/1_1m.cnv
* Sea-Bird SBE 19plus Data File:
* FileName = C:\Data\sbe55_sbe19p_5215\2023-05-25\0028.hex
* Software Version SeatermAF 2.1.4
* Temperature SN = 5215
* Conductivity SN = 5215
* System UpLoad Time = May 25 2023 13:06:30 (localtime) = May 25 2023 13:06:30 (UTC)
* ds
* SeacatPlus V 1.6b  SERIAL NO. 5215    25 May 2023  13:06:23
# nquan = 15
# nvalues = 91                          
# units = specified
# name 0 = scan: Scan Count
# name 1 = timeJ: Julian Days
# name 2 = depSM: Depth [salt water, m], lat = 56.00
# name 3 = prdM: Pressure, Strain Gauge [db]
# name 4 = tv290C: Temperature [ITS-90, deg C]
# name 5 = c0mS/cm: Conductivity [mS/cm]
# name 6 = flECO-AFL: Fluorescence, WET Labs ECO-AFL/FL [mg/m^3]
# name 7 = par/sat/log: PAR/Logarithmic, Satlantic [umol photons/m^2/sec]
# name 8 = sbeox0Mm/L: Oxygen, SBE 43 [umol/l]
# name 9 = sbeox0PS: Oxygen, SBE 43 [% saturation]
# name 10 = depSM: Depth [salt water, m], lat = 56
# name 11 = sal00: Salinity, Practical [PSU]
# name 12 = sigma-t00: Density [sigma-t, kg/m^3 ]
# name 13 = svCM: Sound Velocity [Chen-Millero, m/s]
# name 14 = flag: flag
# span 0 =        396,       2217       
# span 1 = 145.370090, 145.375359       
# span 2 =      1.000,     46.000       
# span 3 =      1.009,     46.428       
# span 4 =     9.8277,    11.3400       
# span 5 =  36.168169,  37.163896       
# span 6 =     0.0027,     1.9964       
# span 7 = 1.1454e-01, 1.3255e+03       
# span 8 =    271.059,    312.727       
# span 9 =     94.940,    110.234       
# span 10 =      1.000,     46.000      
# span 11 =    31.9188,    33.6495      
# span 12 =    24.3170,    25.9264      
# span 13 =    1488.33,    1490.87      
# span 14 = 0.0000e+00, 0.0000e+00      
# interval = meters: 1                  
# start_time = May 25 2023 08:51:17 [Instrument's time stamp, header]
# bad_flag = -9.990e-29
*END*
        396 145.370090      1.000      1.009    11.3400  36.239916     0.0076 1.3255e+03    289.613    103.610      1.000    31.9188    24.3170    1490.87 0.0000e+00
        698 145.370963      2.000      2.019    11.0856  36.701112     0.0027 1.0487e+03    308.398    110.234      2.000    32.5951    24.8882    1490.81 0.0000e+00
        707 145.370990      3.000      3.027    10.9929  36.925214     0.0321 7.3637e+02    307.697    109.845      3.000    32.8989    25.1409    1490.86 0.0000e+00
        723 145.371037      4.000      4.037    10.9224  36.931315     0.3402 5.2876e+02    306.654    109.307      4.000    32.9678    25.2070    1490.72 0.0000e+00
        739 145.371081      5.000      5.046    10.8390  36.895545     0.7117 3.9489e+02    304.927    108.533      5.000    33.0069    25.2522    1490.48 0.0000e+00
        754 145.371126      6.000      6.055    10.7508  36.906212     0.8845 2.8975e+02    302.184    107.526      6.000    33.0968    25.3376    1490.30 0.0000e+00
        769 145.371170      7.000      7.065    10.7001  36.932889     0.9822 2.2578e+02    304.361    108.340      7.000    33.1690    25.4027    1490.22 0.0000e+00
        785 145.371214      8.000      8.074    10.6838  37.009275     1.1950 1.7663e+02    308.648    110.020      8.000    33.2598    25.4762    1490.29 0.0000e+00
        800 145.371258      9.000      9.083    10.7294  37.163896     1.2721 1.3567e+02    310.426    110.217      9.000    33.3723    25.5559    1490.60 0.0000e+00
        815 145.371303     10.000     10.092    10.5554  37.056885     1.3867 1.1527e+02    309.696    109.645     10.000    33.4240    25.6265    1490.07 0.0000e+00
        831 145.371347     11.000     11.101    10.4001  36.954365     1.4919 9.5083e+01    310.329    109.806     11.000    33.4631    25.6839    1489.58 0.0000e+00
        846 145.371393     12.000     12.111    10.3496  36.936003     1.6255 7.8423e+01    308.309    109.002     12.000    33.4906    25.7141    1489.45 0.0000e+00
        862 145.371439     13.000     13.120    10.3124  36.919749     1.5353 6.5192e+01    304.160    107.350     13.000    33.5081    25.7341    1489.35 0.0000e+00
        877 145.371483     14.000     14.129    10.2346  36.860629     1.7421 5.4034e+01    304.844    107.473     14.000    33.5198    25.7565    1489.10 0.0000e+00
        893 145.371528     15.000     15.138    10.1699  36.819724     1.5045 4.4426e+01    300.660    105.932     15.000    33.5378    25.7815    1488.91 0.0000e+00
        908 145.371570     16.000     16.148    10.1371  36.807159     1.4282 3.7249e+01    295.247    103.960     16.000    33.5550    25.8005    1488.83 0.0000e+00
        923 145.371615     17.000     17.157    10.1038  36.790992     1.4302 3.1174e+01    291.476    102.583     17.000    33.5691    25.8171    1488.75 0.0000e+00
        938 145.371658     18.000     18.166    10.0798  36.777542     1.2175 2.6416e+01    288.494    101.488     18.000    33.5772    25.8275    1488.69 0.0000e+00
        953 145.371701     19.000     19.175    10.0524  36.763891     1.3878 2.2102e+01    287.396    101.080     19.000    33.5883    25.8408    1488.62 0.0000e+00
        968 145.371746     20.000     20.185    10.0409  36.759231     1.1402 1.8417e+01    287.498    101.104     20.000    33.5938    25.8471    1488.60 0.0000e+00
        983 145.371790     21.000     21.194    10.0338  36.756578     1.3159 1.5442e+01    286.286    100.676     21.000    33.5972    25.8510    1488.59 0.0000e+00
        999 145.371833     22.000     22.203    10.0316  36.757983     1.2001 1.2873e+01    286.859    100.876     22.000    33.6002    25.8537    1488.61 0.0000e+00
       1014 145.371878     23.000     23.212    10.0303  36.758955     1.2646 1.0346e+01    286.815    100.855     23.000    33.6020    25.8553    1488.62 0.0000e+00
       1029 145.371922     24.000     24.222    10.0285  36.758236     1.2790 7.7594e+00    286.470    100.714     24.000    33.6026    25.8560    1488.63 0.0000e+00
       1045 145.371967     25.000     25.231    10.0205  36.752033     1.3298 5.7362e+00    286.133    100.506     25.000    33.6032    25.8579    1488.62 0.0000e+00
       1060 145.372012     26.000     26.240     9.9873  36.718403     1.5569 4.1776e+00    280.528     98.472     26.000    33.5994    25.8605    1488.51 0.0000e+00
       1076 145.372057     27.000     27.250     9.9452  36.694775     0.9784 3.2582e+00    279.752     98.186     27.000    33.6141    25.8790    1488.39 0.0000e+00
       1092 145.372104     28.000     28.259     9.9367  36.692789     0.8364 2.6590e+00    279.903     98.225     28.000    33.6195    25.8847    1488.39 0.0000e+00
       1107 145.372148     29.000     29.269     9.9293  36.688363     0.7513 2.1766e+00    279.651     98.126     29.000    33.6214    25.8874    1488.38 0.0000e+00
       1124 145.372194     30.000     30.278     9.9236  36.686305     0.6411 1.7918e+00    278.957     97.873     30.000    33.6242    25.8906    1488.38 0.0000e+00
       1139 145.372239     31.000     31.287     9.9175  36.686626     0.5704 1.4943e+00    278.730     97.788     31.000    33.6298    25.8959    1488.38 0.0000e+00
       1154 145.372285     32.000     32.297     9.9143  36.686531     0.6611 1.2540e+00    278.311     97.636     32.000    33.6322    25.8984    1488.39 0.0000e+00
       1170 145.372329     33.000     33.306     9.9112  36.686185     0.5479 1.0526e+00    277.452     97.331     33.000    33.6342    25.9004    1488.40 0.0000e+00
       1185 145.372372     34.000     34.315     9.9092  36.685901     0.5252 8.8044e-01    277.841     97.465     34.000    33.6354    25.9017    1488.41 0.0000e+00
       1200 145.372416     35.000     35.324     9.9081  36.685976     0.4590 7.4039e-01    277.910     97.482     35.000    33.6360    25.9024    1488.42 0.0000e+00
       1215 145.372460     36.000     36.334     9.9047  36.683278     0.5100 6.1545e-01    277.760     97.416     36.000    33.6360    25.9030    1488.42 0.0000e+00
       1229 145.372501     37.000     37.343     9.8997  36.678845     0.5208 5.1852e-01    277.009     97.140     37.000    33.6356    25.9035    1488.42 0.0000e+00
       1244 145.372542     38.000     38.353     9.8931  36.673591     0.5307 4.4263e-01    276.828     97.066     38.000    33.6360    25.9048    1488.42 0.0000e+00
       1258 145.372586     39.000     39.362     9.8869  36.669087     0.4826 3.7204e-01    275.963     96.747     39.000    33.6367    25.9064    1488.41 0.0000e+00
       1273 145.372628     40.000     40.371     9.8817  36.664250     0.4522 3.1340e-01    275.915     96.711     40.000    33.6362    25.9069    1488.41 0.0000e+00
       1288 145.372670     41.000     41.381     9.8716  36.656303     0.5092 2.6965e-01    275.549     96.568     41.000    33.6371    25.9093    1488.39 0.0000e+00
       1302 145.372712     42.000     42.390     9.8647  36.651127     0.4326 2.2947e-01    275.097     96.394     42.000    33.6378    25.9110    1488.38 0.0000e+00
       1318 145.372756     43.000     43.399     9.8557  36.645787     0.4114 1.9446e-01    273.682     95.888     43.000    33.6402    25.9144    1488.37 0.0000e+00
       1332 145.372800     44.000     44.409     9.8497  36.642924     0.4327 1.6509e-01    273.159     95.680     44.000    33.6425    25.9172    1488.37 0.0000e+00
       1348 145.372845     45.000     45.418     9.8397  36.634613     0.4402 1.3959e-01    271.059     94.940     45.000    33.6429    25.9191    1488.35 0.0000e+00
       1375 145.372925     46.000     46.428     9.8277  36.630606     0.5340 1.1454e-01    272.238     95.362     46.000    33.6495    25.9264    1488.33 0.0000e+00
       1384 145.372949     45.000     45.418     9.8382  36.635655     0.4394 1.4016e-01    271.741     95.195     45.000    33.6454    25.9213    1488.35 0.0000e+00
       1407 145.373014     44.000     44.409     9.8436  36.640666     0.4159 1.5946e-01    272.717     95.553     44.000    33.6459    25.9209    1488.35 0.0000e+00
       1429 145.373078     43.000     43.399     9.8506  36.644956     0.4381 1.8991e-01    273.473     95.827     43.000    33.6442    25.9183    1488.36 0.0000e+00
       1449 145.373136     42.000     42.390     9.8560  36.648070     0.4504 2.2452e-01    274.299     96.130     42.000    33.6428    25.9164    1488.36 0.0000e+00
       1469 145.373194     41.000     41.381     9.8629  36.652349     0.3854 2.6144e-01    274.812     96.327     41.000    33.6411    25.9139    1488.36 0.0000e+00
       1489 145.373251     40.000     40.371     9.8710  36.658245     0.4542 3.0670e-01    275.480     96.577     40.000    33.6401    25.9117    1488.37 0.0000e+00
       1508 145.373309     39.000     39.362     9.8791  36.664993     0.4476 3.6479e-01    276.271     96.871     39.000    33.6398    25.9102    1488.39 0.0000e+00
       1529 145.373367     38.000     38.353     9.8871  36.671053     0.4116 4.2811e-01    276.657     97.015     38.000    33.6390    25.9082    1488.40 0.0000e+00
       1549 145.373426     37.000     37.343     9.8912  36.673409     0.4768 5.0983e-01    276.233     96.878     37.000    33.6381    25.9068    1488.40 0.0000e+00
       1568 145.373481     36.000     36.334     9.8967  36.677740     0.4266 6.0421e-01    276.891     97.124     36.000    33.6378    25.9057    1488.40 0.0000e+00
       1589 145.373541     35.000     35.324     9.9041  36.683988     0.4863 7.2150e-01    277.859     97.474     35.000    33.6377    25.9044    1488.41 0.0000e+00
       1608 145.373597     34.000     34.315     9.9086  36.687278     0.4432 8.5698e-01    277.354     97.302     34.000    33.6373    25.9033    1488.41 0.0000e+00
       1628 145.373652     33.000     33.306     9.9114  36.688590     0.5396 1.0351e+00    278.045     97.548     33.000    33.6365    25.9022    1488.40 0.0000e+00
       1647 145.373711     32.000     32.297     9.9134  36.688048     0.6255 1.2698e+00    278.103     97.572     32.000    33.6345    25.9003    1488.39 0.0000e+00
       1666 145.373765     31.000     31.287     9.9157  36.687615     0.5487 1.5099e+00    277.663     97.420     31.000    33.6325    25.8983    1488.38 0.0000e+00
       1685 145.373819     30.000     30.278     9.9176  36.686666     0.6373 1.7989e+00    278.734     97.802     30.000    33.6301    25.8962    1488.36 0.0000e+00
       1704 145.373875     29.000     29.268     9.9215  36.686703     0.6980 2.0549e+00    278.694     97.798     29.000    33.6270    25.8931    1488.36 0.0000e+00
       1723 145.373930     28.000     28.259     9.9273  36.688813     0.9027 2.3662e+00    279.129     97.967     28.000    33.6242    25.8899    1488.36 0.0000e+00
       1742 145.373984     27.000     27.250     9.9355  36.694035     0.8291 2.7874e+00    279.829     98.229     27.000    33.6224    25.8871    1488.37 0.0000e+00
       1760 145.374038     26.000     26.240     9.9450  36.696767     0.9765 3.3032e+00    280.002     98.340     26.000    33.6167    25.8811    1488.38 0.0000e+00
       1779 145.374091     25.000     25.231     9.9706  36.717210     1.4229 3.9175e+00    283.524     99.649     25.000    33.6141    25.8748    1488.45 0.0000e+00
       1798 145.374146     24.000     24.222    10.0050  36.742857     1.6686 4.6552e+00    285.955    100.534     24.000    33.6088    25.8648    1488.55 0.0000e+00
       1816 145.374198     23.000     23.212    10.0184  36.751448     1.2974 5.5000e+00    286.602    100.776     23.000    33.6054    25.8599    1488.58 0.0000e+00
       1835 145.374253     22.000     22.203    10.0266  36.755593     1.2325 6.5570e+00    286.448    100.730     22.000    33.6025    25.8563    1488.59 0.0000e+00
       1853 145.374306     21.000     21.194    10.0307  36.756436     1.2428 7.8005e+00    287.213    101.007     21.000    33.6000    25.8537    1488.59 0.0000e+00
       1871 145.374359     20.000     20.185    10.0347  36.757810     1.3052 9.3039e+00    287.135    100.995     20.000    33.5982    25.8515    1488.58 0.0000e+00
       1890 145.374412     19.000     19.175    10.0427  36.762362     1.6303 1.1018e+01    288.291    101.421     19.000    33.5958    25.8483    1488.59 0.0000e+00
       1908 145.374465     18.000     18.166    10.0519  36.767910     1.2718 1.3175e+01    288.645    101.563     18.000    33.5933    25.8449    1488.60 0.0000e+00
       1926 145.374518     17.000     17.157    10.0609  36.772100     1.4062 1.5644e+01    289.766    101.977     17.000    33.5897    25.8405    1488.61 0.0000e+00
       1945 145.374571     16.000     16.148    10.0714  36.778667     1.6805 1.8674e+01    292.131    102.854     16.000    33.5870    25.8366    1488.64 0.0000e+00
       1964 145.374626     15.000     15.138    10.0936  36.789463     1.7362 2.2095e+01    295.586    104.113     15.000    33.5778    25.8257    1488.69 0.0000e+00
       1982 145.374678     14.000     14.129    10.1161  36.800569     1.6670 2.6392e+01    299.047    105.407     14.000    33.5687    25.8147    1488.74 0.0000e+00
       2001 145.374733     13.000     13.120    10.1531  36.824565     1.9964 3.1814e+01    301.523    106.418     13.000    33.5591    25.8010    1488.84 0.0000e+00
       2019 145.374787     12.000     12.110    10.2176  36.868703     1.5620 3.7611e+01    304.414    107.588     12.000    33.5446    25.7787    1489.04 0.0000e+00
       2037 145.374840     11.000     11.101    10.2860  36.911624     1.3783 4.6432e+01    307.843    109.038     11.000    33.5252    25.7519    1489.25 0.0000e+00
       2056 145.374892     10.000     10.092    10.3972  36.986224     1.4825 5.8178e+01    308.511    109.697     10.000    33.4983    25.7119    1489.59 0.0000e+00
       2074 145.374945      9.000      9.083    10.5896  37.113081     1.3129 7.2698e+01    309.436    110.115      9.000    33.4494    25.6404    1490.20 0.0000e+00
       2092 145.374996      8.000      8.074    10.6650  37.050421     1.3583 9.1026e+01    307.070    109.192      8.000    33.3180    25.5249    1490.29 0.0000e+00
       2110 145.375049      7.000      7.064    10.6589  36.951562     1.1143 1.1496e+02    302.752    107.671      7.000    33.2251    25.4536    1490.14 0.0000e+00
       2127 145.375099      6.000      6.055    10.6810  36.913418     1.1954 1.4507e+02    302.145    107.526      6.000    33.1673    25.4047    1490.13 0.0000e+00
       2145 145.375151      5.000      5.046    10.7316  36.892127     1.2923 1.8456e+02    304.933    108.646      5.000    33.1006    25.3439    1490.22 0.0000e+00
       2163 145.375203      4.000      4.037    10.8092  36.883108     1.3012 2.3865e+02    306.740    109.433      4.000    33.0218    25.2690    1490.38 0.0000e+00
       2181 145.375254      3.000      3.028    10.8778  36.917837     0.8116 3.1478e+02    308.396    110.107      3.000    32.9950    25.2361    1490.57 0.0000e+00
       2199 145.375307      2.000      2.018    10.9376  36.891687     0.4868 4.2749e+02    307.114    109.660      2.000    32.9157    25.1638    1490.67 0.0000e+00
       2217 145.375359      1.000      1.009    11.0337  36.168169     0.0210 6.2063e+02    312.727     99.633      1.000    32.1181    24.5264    1490.03 0.0000e+00
