Data_manuscript/Scotland/SBE55/c1.cnv
* Sea-Bird SBE 19plus Data File:
* FileName = C:\Data\sbe55_sbe19p_5215\2023-05-25\0033.hex
* Software Version SeatermAF 2.1.4
* Temperature SN = 5215
* Conductivity SN = 5215
* System UpLoad Time = May 25 2023 13:14:20 (localtime) = May 25 2023 13:14:20 (UTC)
* ds
* SeacatPlus V 1.6b  SERIAL NO. 5215    25 May 2023  13:06:23
# nquan = 15                                
# nvalues = 988                         
# units = specified
# name 0 = scan: Scan Count
# name 1 = timeJ: Julian Days
# name 2 = depSM: Depth [salt water, m], lat = 56.00
# name 3 = prdM: Pressure, Strain Gauge [db]
# name 4 = tv290C: Temperature [ITS-90, deg C]
# name 5 = c0mS/cm: Conductivity [mS/cm]
# name 6 = flECO-AFL: Fluorescence, WET Labs ECO-AFL/FL [mg/m^3]
# name 7 = par/sat/log: PAR/Logarithmic, Satlantic [umol photons/m^2/sec]
# name 8 = sbeox0Mm/L: Oxygen, SBE 43 [umol/l]
# name 9 = sbeox0PS: Oxygen, SBE 43 [% saturation]
# name 10 = depSM: Depth [salt water, m], lat = 56
# name 11 = sal00: Salinity, Practical [PSU]
# name 12 = sigma-t00: Density [sigma-t, kg/m^3 ]
# name 13 = svCM: Sound Velocity [Chen-Millero, m/s]
# name 14 = flag: flag
# span 0 =          1,        988       
# span 1 = 145.451691, 145.454544       
# span 2 =      0.112,     13.513       
# span 3 =      0.113,     13.638       
# span 4 =    10.8076,    11.5447       
# span 5 =   0.001150,  37.539822       
# span 6 =    -0.1897,     1.2524       
# span 7 = 3.0513e+01, 3.2239e+03       
# span 8 =    206.994,    344.129       
# span 9 =     74.640,    115.593       
# span 10 =      0.112,     13.513      
# span 11 =     0.0061,    33.1573      
# span 12 =    -0.4447,    25.3596      
# span 13 =    1453.17,    1492.58      
# span 14 = 0.0000e+00, 0.0000e+00      
# interval = seconds: 0.25
# start_time = May 25 2023 10:50:26 [Instrument's time stamp, header]
# bad_flag = -9.990e-29
*END*
[from data line 193]
        194 145.452255      1.134      1.145    11.3493  37.416065     0.0136 1.1490e+03    289.555    104.426      1.134    33.0649    25.2063    1492.28 0.0000e+00
        195 145.452255      1.133      1.143    11.3492  37.416767     0.0166 1.4356e+03    289.645    104.455      1.133    33.0657    25.2069    1492.28 0.0000e+00
        196 145.452255      1.132      1.142    11.3497  37.416813     0.0225 1.0796e+03    289.331    104.341      1.132    33.0653    25.2065    1492.28 0.0000e+00
        197 145.452255      1.132      1.142    11.3501  37.416180     0.0156 1.0115e+03    289.367    104.354      1.132    33.0643    25.2057    1492.28 0.0000e+00
        198 145.452255      1.132      1.143    11.3500  37.415569     0.0175 2.1728e+03    289.356    104.350      1.132    33.0638    25.2053    1492.28 0.0000e+00
        199 145.452255      1.134      1.144    11.3494  37.415638     0.0116 1.5279e+03    289.560    104.421      1.134    33.0644    25.2059    1492.28 0.0000e+00
        200 145.452271      1.136      1.146    11.3489  37.415947     0.0136 4.9318e+02    289.913    104.544      1.136    33.0652    25.2066    1492.28 0.0000e+00
        201 145.452271      1.137      1.148    11.3488  37.416191     0.0235 1.4890e+03    290.196    104.644      1.137    33.0655    25.2069    1492.28 0.0000e+00
        202 145.452271      1.138      1.148    11.3490  37.416847     0.0175 9.6310e+02    290.611    104.797      1.138    33.0659    25.2071    1492.28 0.0000e+00
        203 145.452271      1.138      1.148    11.3496  37.418205     0.0265 9.6690e+02    290.479    104.752      1.138    33.0667    25.2077    1492.28 0.0000e+00
        204 145.452271      1.137      1.147    11.3506  37.420135     0.0275 8.9232e+02    290.466    104.750      1.137    33.0677    25.2082    1492.29 0.0000e+00
        205 145.452286      1.136      1.147    11.3522  37.422318    -0.0063 1.9299e+03    290.789    104.864      1.136    33.0685    25.2085    1492.30 0.0000e+00
        206 145.452286      1.136      1.146    11.3541  37.424328     0.0056 6.9586e+02    290.885    104.895      1.136    33.0687    25.2084    1492.30 0.0000e+00
        207 145.452286      1.136      1.146    11.3561  37.425900    -0.0102 9.9109e+02    290.306    104.684      1.136    33.0684    25.2078    1492.31 0.0000e+00
        208 145.452286      1.136      1.147    11.3580  37.427048     0.0265 1.6134e+03    290.556    104.776      1.136    33.0679    25.2071    1492.32 0.0000e+00
        209 145.452286      1.137      1.147    11.3595  37.427769     0.0225 1.7517e+03    289.907    104.548      1.137    33.0673    25.2063    1492.32 0.0000e+00
        210 145.452301      1.137      1.148    11.3607  37.427975     0.0136 8.5562e+02    290.081    104.617      1.137    33.0664    25.2054    1492.32 0.0000e+00
        211 145.452301      1.138      1.148    11.3616  37.427723     0.0235 9.7796e+02    290.126    104.640      1.138    33.0654    25.2044    1492.32 0.0000e+00
        212 145.452301      1.138      1.148    11.3620  37.427235     0.0285 1.1822e+03    290.114    104.642      1.138    33.0645    25.2037    1492.32 0.0000e+00
        213 145.452301      1.138      1.148    11.3620  37.426823     0.0185 2.2345e+03    289.919    104.579      1.138    33.0641    25.2034    1492.32 0.0000e+00
        214 145.452301      1.138      1.148    11.3617  37.426594     0.0285 2.0397e+03    289.976    104.606      1.138    33.0641    25.2034    1492.32 0.0000e+00
        215 145.452316      1.137      1.147    11.3614  37.426296     0.0235 2.1596e+03    289.624    104.481      1.137    33.0641    25.2035    1492.32 0.0000e+00
        216 145.452316      1.136      1.147    11.3611  37.425659     0.0225 1.3096e+03    289.344    104.381      1.136    33.0637    25.2032    1492.32 0.0000e+00
        217 145.452316      1.135      1.146    11.3607  37.424858     0.0175 8.7703e+02    289.333    104.376      1.135    33.0633    25.2030    1492.32 0.0000e+00
        218 145.452316      1.134      1.145    11.3602  37.424408     0.0215 8.1471e+02    289.364    104.386      1.134    33.0634    25.2031    1492.32 0.0000e+00
        219 145.452316      1.133      1.143    11.3597  37.424709     0.0285 9.8936e+02    289.402    104.397      1.133    33.0640    25.2037    1492.32 0.0000e+00
        220 145.452316      1.131      1.142    11.3596  37.425472     0.0334 1.3041e+03    289.627    104.476      1.131    33.0649    25.2044    1492.32 0.0000e+00
        221 145.452332      1.130      1.141    11.3598  37.425919     0.0195 9.8074e+02    290.117    104.650      1.130    33.0651    25.2046    1492.32 0.0000e+00
        222 145.452332      1.129      1.140    11.3601  37.425854     0.0195 1.3090e+03    290.110    104.648      1.129    33.0648    25.2043    1492.32 0.0000e+00
        223 145.452332      1.129      1.139    11.3601  37.425777     0.0185 8.4576e+02    290.455    104.778      1.129    33.0647    25.2042    1492.32 0.0000e+00
        224 145.452332      1.128      1.138    11.3600  37.426163     0.0175 1.5353e+03    290.299    104.728      1.128    33.0653    25.2046    1492.32 0.0000e+00
        225 145.452332      1.126      1.137    11.3601  37.427250     0.0175 9.7539e+02    290.432    104.777      1.126    33.0663    25.2054    1492.32 0.0000e+00
        226 145.452347      1.124      1.135    11.3606  37.429085     0.0245 1.0872e+03    290.140    104.671      1.124    33.0676    25.2063    1492.32 0.0000e+00
        227 145.452347      1.122      1.132    11.3620  37.431210     0.0235 1.1912e+03    290.007    104.623      1.122    33.0685    25.2068    1492.33 0.0000e+00
        228 145.452347      1.120      1.130    11.3640  37.433159    -0.0033 1.1543e+03    289.931    104.592      1.120    33.0686    25.2065    1492.34 0.0000e+00
        229 145.452347      1.118      1.128    11.3663  37.435120     0.0175 3.2190e+03    290.194    104.684      1.118    33.0684    25.2059    1492.34 0.0000e+00
        230 145.452347      1.117      1.127    11.3686  37.437302     0.0205 1.9039e+03    290.030    104.623      1.117    33.0685    25.2056    1492.35 0.0000e+00
        231 145.452362      1.116      1.126    11.3708  37.439377     0.0235 1.1325e+03    290.237    104.692      1.116    33.0686    25.2053    1492.36 0.0000e+00
        232 145.452362      1.116      1.127    11.3727  37.440796     0.0255 9.1085e+02    290.230    104.684      1.116    33.0683    25.2047    1492.37 0.0000e+00
        233 145.452362      1.117      1.127    11.3742  37.441387     0.0235 1.5376e+03    290.441    104.760      1.117    33.0675    25.2038    1492.37 0.0000e+00
        234 145.452362      1.117      1.127    11.3752  37.441414     0.0275 9.5408e+02    290.775    104.885      1.117    33.0666    25.2030    1492.37 0.0000e+00
        235 145.452362      1.117      1.127    11.3757  37.441101     0.0156 1.0555e+03    290.948    104.954      1.117    33.0659    25.2023    1492.37 0.0000e+00
        236 145.452377      1.115      1.126    11.3757  37.440598     0.0334 1.0110e+03    290.882    104.936      1.115    33.0654    25.2019    1492.37 0.0000e+00
        237 145.452377      1.114      1.124    11.3755  37.440277     0.0294 9.0708e+02    290.929    104.954      1.114    33.0653    25.2018    1492.37 0.0000e+00
        238 145.452377      1.112      1.122    11.3750  37.440491     0.0175 1.0363e+03    291.011    104.975      1.112    33.0660    25.2025    1492.37 0.0000e+00
        239 145.452377      1.110      1.120    11.3744  37.441410     0.0185 1.1952e+03    290.924    104.935      1.110    33.0673    25.2036    1492.37 0.0000e+00
        240 145.452377      1.109      1.119    11.3742  37.443069     0.0205 1.0884e+03    290.634    104.829      1.109    33.0692    25.2051    1492.37 0.0000e+00
        241 145.452377      1.109      1.119    11.3745  37.444920     0.0136 8.5189e+02    290.458    104.766      1.109    33.0707    25.2063    1492.38 0.0000e+00
        242 145.452393      1.109      1.120    11.3751  37.446033     0.0255 8.9643e+02    290.015    104.605      1.109    33.0712    25.2065    1492.38 0.0000e+00
        243 145.452393      1.111      1.121    11.3758  37.446098     0.0235 9.2612e+02    289.923    104.571      1.111    33.0707    25.2060    1492.38 0.0000e+00
        244 145.452393      1.112      1.122    11.3762  37.445358     0.0185 2.8034e+03    289.992    104.594      1.112    33.0696    25.2051    1492.38 0.0000e+00
        245 145.452393      1.113      1.123    11.3763  37.444096     0.0255 1.6563e+03    290.044    104.607      1.113    33.0683    25.2040    1492.38 0.0000e+00
        246 145.452393      1.113      1.123    11.3760  37.442604     0.0146 1.2237e+03    290.070    104.613      1.113    33.0671    25.2032    1492.38 0.0000e+00
        247 145.452408      1.113      1.123    11.3753  37.441265     0.0156 1.1923e+03    290.294    104.698      1.113    33.0664    25.2027    1492.37 0.0000e+00
        248 145.452408      1.112      1.122    11.3743  37.440304     0.0225 1.2759e+03    290.424    104.743      1.112    33.0664    25.2029    1492.37 0.0000e+00
        249 145.452408      1.111      1.122    11.3731  37.439827     0.0116 1.0077e+03    290.524    104.766      1.111    33.0670    25.2036    1492.37 0.0000e+00
        250 145.452408      1.111      1.121    11.3720  37.439960     0.0146 1.5172e+03    290.522    104.747      1.111    33.0681    25.2046    1492.36 0.0000e+00
        251 145.452408      1.112      1.122    11.3716  37.440639     0.0146 1.1586e+03    290.454    104.675      1.112    33.0691    25.2056    1492.36 0.0000e+00
        252 145.452423      1.114      1.124    11.3719  37.441486     0.0116 1.5086e+03    290.400    104.624      1.114    33.0697    25.2059    1492.37 0.0000e+00
        253 145.452423      1.117      1.127    11.3727  37.441914     0.0285 9.7326e+02    290.416    104.610      1.117    33.0694    25.2056    1492.37 0.0000e+00
        254 145.452423      1.120      1.130    11.3734  37.441551     0.0294 1.2366e+03    290.523    104.638      1.120    33.0684    25.2046    1492.37 0.0000e+00
        255 145.452423      1.123      1.133    11.3735  37.440529     0.0314 1.0073e+03    290.593    104.626      1.123    33.0673    25.2038    1492.37 0.0000e+00
        256 145.452423      1.125      1.136    11.3725  37.439308     0.0136 8.9525e+02    290.493    104.559      1.125    33.0670    25.2037    1492.36 0.0000e+00
        257 145.452423      1.128      1.138    11.3712  37.438221     0.0195 8.4632e+02    290.408    104.503      1.128    33.0671    25.2040    1492.36 0.0000e+00
        258 145.452438      1.131      1.142    11.3700  37.437298     0.0007 3.1597e+03    290.949    104.682      1.131    33.0672    25.2044    1492.36 0.0000e+00
        259 145.452438      1.136      1.146    11.3691  37.436352     0.0116 1.2366e+03    290.580    104.535      1.136    33.0671    25.2044    1492.35 0.0000e+00
        260 145.452438      1.142      1.153    11.3683  37.435066     0.0156 7.4581e+02    290.597    104.528      1.142    33.0665    25.2041    1492.35 0.0000e+00
        261 145.452438      1.151      1.162    11.3676  37.433189     0.0146 1.7048e+03    290.906    104.633      1.151    33.0654    25.2034    1492.35 0.0000e+00
        262 145.452438      1.163      1.173    11.3666  37.430702     0.0235 1.0002e+03    290.849    104.608      1.163    33.0638    25.2023    1492.34 0.0000e+00
        263 145.452454      1.177      1.188    11.3653  37.428043     0.0265 1.9325e+03    290.837    104.599      1.177    33.0624    25.2014    1492.33 0.0000e+00
        264 145.452454      1.196      1.207    11.3635  37.425430     0.0136 8.9447e+02    290.889    104.615      1.196    33.0614    25.2010    1492.33 0.0000e+00
        265 145.452454      1.219      1.230    11.3614  37.421482     0.0027 1.0024e+03    290.825    104.590      1.219    33.0594    25.1998    1492.32 0.0000e+00
        266 145.452454      1.245      1.256    11.3584  37.414627     0.0245 1.0690e+03    291.299    104.757      1.245    33.0553    25.1971    1492.30 0.0000e+00
        267 145.452454      1.274      1.286    11.3537  37.405010     0.0225 6.8995e+02    291.073    104.662      1.274    33.0501    25.1940    1492.28 0.0000e+00
        268 145.452469      1.306      1.318    11.3464  37.392948     0.0235 1.3027e+03    290.933    104.597      1.306    33.0447    25.1911    1492.25 0.0000e+00
        269 145.452469      1.340      1.352    11.3368  37.380154     0.0195 8.8435e+02    291.273    104.707      1.340    33.0407    25.1897    1492.21 0.0000e+00
        270 145.452469      1.376      1.389    11.3257  37.369404     0.0195 1.0141e+03    291.569    104.807      1.376    33.0400    25.1912    1492.17 0.0000e+00
        271 145.452469      1.414      1.427    11.3149  37.359859     0.0146 1.3965e+03    291.821    104.895      1.414    33.0403    25.1934    1492.14 0.0000e+00
        272 145.452469      1.453      1.466    11.3045  37.349461    -0.0092 7.0044e+02    292.010    104.962      1.453    33.0393    25.1945    1492.10 0.0000e+00
        273 145.452484      1.493      1.506    11.2936  37.339283     0.0106 9.2653e+02    291.890    104.917      1.493    33.0391    25.1963    1492.06 0.0000e+00
        274 145.452484      1.533      1.547    11.2820  37.331562     0.0007 1.2990e+03    291.486    104.768      1.533    33.0419    25.2005    1492.03 0.0000e+00
        275 145.452484      1.574      1.589    11.2709  37.326115     0.0235 1.0742e+03    291.343    104.704      1.574    33.0464    25.2061    1491.99 0.0000e+00
        276 145.452484      1.616      1.631    11.2616  37.321373     0.0304 8.7493e+02    290.876    104.523      1.616    33.0501    25.2106    1491.96 0.0000e+00
        277 145.452484      1.657      1.672    11.2539  37.317142     0.0175 2.4857e+03    291.027    104.567      1.657    33.0528    25.2141    1491.94 0.0000e+00
        278 145.452484      1.698      1.714    11.2475  37.314014     0.0235 1.2467e+03    291.175    104.614      1.698    33.0555    25.2173    1491.92 0.0000e+00
        279 145.452499      1.738      1.754    11.2424  37.311619     0.0205 2.0821e+03    291.273    104.646      1.738    33.0576    25.2199    1491.91 0.0000e+00
        280 145.452499      1.778      1.795    11.2386  37.309288     0.0215 1.2033e+03    291.518    104.733      1.778    33.0588    25.2215    1491.90 0.0000e+00
        281 145.452499      1.819      1.835    11.2355  37.307098     0.0146 1.4122e+03    291.753    104.818      1.819    33.0594    25.2225    1491.89 0.0000e+00
        282 145.452499      1.859      1.876    11.2327  37.304974     0.0156 9.6268e+02    292.017    104.913      1.859    33.0597    25.2233    1491.88 0.0000e+00
        283 145.452499      1.900      1.918    11.2301  37.302338     0.0215 4.6095e+02    292.149    104.959      1.900    33.0594    25.2235    1491.87 0.0000e+00
        284 145.452515      1.942      1.960    11.2273  37.298630     0.0166 7.4370e+02    294.575    105.828      1.942    33.0583    25.2231    1491.86 0.0000e+00
        285 145.452515      1.985      2.003    11.2238  37.294304     0.0106 5.4241e+02    294.613    105.837      1.985    33.0571    25.2229    1491.85 0.0000e+00
        286 145.452515      2.028      2.047    11.2197  37.290764     0.0047 1.0024e+03    293.100    105.293      2.028    33.0573    25.2238    1491.83 0.0000e+00
        287 145.452515      2.071      2.090    11.2154  37.288525     0.0245 7.3593e+02    292.700    105.151      2.071    33.0590    25.2258    1491.82 0.0000e+00
        288 145.452515      2.113      2.133    11.2117  37.287025     0.0166 8.2837e+02    292.343    105.024      2.113    33.0608    25.2279    1491.81 0.0000e+00
        289 145.452530      2.155      2.175    11.2088  37.285656     0.0185 1.1365e+03    291.857    104.848      2.155    33.0620    25.2294    1491.80 0.0000e+00
