Data_manuscript/Scotland/SBE55/c1.cnv
* Sea-Bird SBE 19plus Data File:
* FileName = C:\Data\sbe55_sbe19p_5215\2023-05-25\0033.hex
* Software Version SeatermAF 2.1.4
* Temperature SN = 5215
* Conductivity SN = 5215
* System UpLoad Time = May 25 2023 13:14:20 (localtime) = May 25 2023 13:14:20 (UTC)
* ds
* SeacatPlus V 1.6b  SERIAL NO. 5215    25 May 2023  13:06:23
# nquan = 15                                
# nvalues = 988                         
# units = specified
# name 0 = scan: Scan Count
# name 1 = timeJ: Julian Days
# name 2 = depSM: Depth [salt water, m], lat = 56.00
# name 3 = prdM: Pressure, Strain Gauge [db]
# name 4 = tv290C: Temperature [ITS-90, deg C]
# name 5 = c0mS/cm: Conductivity [mS/cm]
# name 6 = flECO-AFL: Fluorescence, WET Labs ECO-AFL/FL [mg/m^3]
# name 7 = par/sat/log: PAR/Logarithmic, Satlantic [umol photons/m^2/sec]
# name 8 = sbeox0Mm/L: Oxygen, SBE 43 [umol/l]
# name 9 = sbeox0PS: Oxygen, SBE 43 [% saturation]
# name 10 = depSM: Depth [salt water, m], lat = 56
# name 11 = sal00: Salinity, Practical [PSU]
# name 12 = sigma-t00: Density [sigma-t, kg/m^3 ]
# name 13 = svCM: Sound Velocity [Chen-Millero, m/s]
# name 14 = flag: flag
# span 0 =          1,        988       
# span 1 = 145.451691, 145.454544       
# span 2 =      0.112,     13.513       
# span 3 =      0.113,     13.638       
# span 4 =    10.8076,    11.5447       
# span 5 =   0.001150,  37.539822       
# span 6 =    -0.1897,     1.2524       
# span 7 = 3.0513e+01, 3.2239e+03       
# span 8 =    206.994,    344.129       
# span 9 =     74.640,    115.593       
# span 10 =      0.112,     13.513      
# span 11 =     0.0061,    33.1573      
# span 12 =    -0.4447,    25.3596      
# span 13 =    1453.17,    1492.58      
# span 14 = 0.0000e+00, 0.0000e+00      
# interval = seconds: 0.25
# start_time = May 25 2023 10:50:26 [Instrument's time stamp, header]
# bad_flag = -9.990e-29
*END*
          1 145.451691      0.112      0.113    11.5327   0.001150     0.7902 1.9571e+03    343.798    101.014      0.112     0.0061    -0.4439    1453.26 0.0000e+00
          2 145.451691      0.112      0.113    11.5330   0.001170     0.7704 1.9554e+03    343.778    101.009      0.112     0.0061    -0.4440    1453.26 0.0000e+00
          3 145.451691      0.113      0.114    11.5334   0.001187     0.8160 4.3196e+02    343.762    101.005      0.113     0.0061    -0.4440    1453.26 0.0000e+00
          4 145.451706      0.113      0.114    11.5337   0.001203     0.8150 3.0622e+02    343.879    101.040      0.113     0.0061    -0.4440    1453.27 0.0000e+00
          5 145.451706      0.114      0.115    11.5341   0.001222     0.7991 3.1047e+02    344.010    101.080      0.114     0.0061    -0.4441    1453.27 0.0000e+00
          6 145.451706      0.114      0.115    11.5344   0.001243     0.7892 3.1374e+02    343.735    101.000      0.114     0.0061    -0.4441    1453.27 0.0000e+00
          7 145.451706      0.115      0.116    11.5348   0.001263     0.6563 3.1094e+02    343.860    101.037      0.115     0.0061    -0.4441    1453.27 0.0000e+00
          8 145.451706      0.115      0.116    11.5351   0.001280     0.6484 3.1094e+02    343.868    101.040      0.115     0.0061    -0.4441    1453.27 0.0000e+00
          9 145.451706      0.115      0.117    11.5355   0.001287     0.6573 3.1907e+02    343.997    101.078      0.115     0.0061    -0.4442    1453.27 0.0000e+00
         10 145.451721      0.116      0.117    11.5359   0.001291     0.6593 3.3443e+02    343.826    101.029      0.116     0.0061    -0.4442    1453.27 0.0000e+00
         11 145.451721      0.116      0.117    11.5362   0.001296     0.3597 4.7084e+02    343.860    101.039      0.116     0.0062    -0.4443    1453.27 0.0000e+00
         12 145.451721      0.117      0.118    11.5366   0.001301     0.3528 3.3232e+02    343.859    101.040      0.117     0.0062    -0.4443    1453.28 0.0000e+00
         13 145.451721      0.117      0.118    11.5370   0.001302     0.5115 3.1436e+02    343.930    101.061      0.117     0.0062    -0.4443    1453.28 0.0000e+00
         14 145.451721      0.118      0.119    11.5373   0.001303     0.5164 3.1893e+02    343.906    101.055      0.118     0.0062    -0.4444    1453.28 0.0000e+00
         15 145.451736      0.118      0.119    11.5377   0.001309     0.7188 1.8713e+03    343.725    101.002      0.118     0.0062    -0.4444    1453.28 0.0000e+00
         16 145.451736      0.118      0.119    11.5380   0.001320     0.7108 1.8886e+03    343.780    101.018      0.118     0.0062    -0.4445    1453.28 0.0000e+00
         17 145.451736      0.119      0.120    11.5384   0.001327     0.1772 1.9207e+03    343.728    101.004      0.119     0.0062    -0.4445    1453.28 0.0000e+00
         18 145.451736      0.119      0.120    11.5387   0.001332     0.1822 1.9392e+03    344.129    101.122      0.119     0.0062    -0.4445    1453.28 0.0000e+00
         19 145.451736      0.120      0.121    11.5390   0.001339     0.0255 1.9661e+03    344.034    101.095      0.120     0.0062    -0.4446    1453.29 0.0000e+00
         20 145.451752      0.120      0.121    11.5393   0.001346     0.0185 1.9917e+03    343.947    101.069      0.120     0.0062    -0.4446    1453.29 0.0000e+00
         21 145.451752      0.120      0.121    11.5396   0.001360     0.0096 1.9752e+03    343.893    101.054      0.120     0.0062    -0.4446    1453.29 0.0000e+00
         22 145.451752      0.120      0.122    11.5399   0.001381     0.0166 1.9431e+03    343.929    101.066      0.120     0.0062    -0.4446    1453.29 0.0000e+00
         23 145.451752      0.121      0.122    11.5403   0.001405     0.0076 1.9023e+03    343.887    101.054      0.121     0.0062    -0.4447    1453.29 0.0000e+00
         24 145.451752      0.121      0.122    11.5406   0.001433     0.0185 1.8498e+03    343.840    101.041      0.121     0.0062    -0.4447    1453.29 0.0000e+00
         25 145.451752      0.121      0.122    11.5408   0.001471     0.0146 1.8373e+03    343.836    101.041      0.121     0.0062    -0.4447    1453.29 0.0000e+00
         26 145.451767      0.121      0.122    11.5411   0.001532     0.0215 1.8542e+03    343.863    101.051      0.121     0.0062    -0.4447    1453.29 0.0000e+00
         27 145.451767      0.121      0.122    11.5413   0.001634     0.0195 1.8874e+03    343.982    101.088      0.121     0.0063    -0.4447    1453.29 0.0000e+00
         28 145.451767      0.121      0.122    11.5416   0.001803     0.0136 1.9614e+03    344.037    101.106      0.121     0.0063    -0.4447    1453.30 0.0000e+00
         29 145.451767      0.122      0.123    11.5418   0.002083     0.0235 2.0198e+03    344.056    101.114      0.122     0.0064    -0.4446    1453.30 0.0000e+00
         30 145.451767      0.122      0.123    11.5421   0.002545     0.0275 2.0406e+03    344.068    101.121      0.122     0.0066    -0.4445    1453.30 0.0000e+00
         31 145.451782      0.122      0.123    11.5423   0.003302     0.0215 2.0362e+03    312.343    101.023      0.122     0.0069    -0.4443    1453.30 0.0000e+00
         32 145.451782      0.123      0.124    11.5426   0.004561     0.0285 2.0035e+03    293.338    101.071      0.123     0.0075    -0.4439    1453.30 0.0000e+00
         33 145.451782      0.123      0.125    11.5428   0.006667     0.0076 1.9477e+03    276.822    100.115      0.123     0.0086    -0.4431    1453.30 0.0000e+00
         34 145.451782      0.124      0.125    11.5431   0.010177     0.0166 1.8915e+03    276.269     99.912      0.124     0.0104    -0.4417    1453.31 0.0000e+00
         35 145.451782      0.125      0.126    11.5433   0.016022     0.0235 1.8506e+03    275.930     99.802      0.125     0.0136    -0.4392    1453.31 0.0000e+00
         36 145.451797      0.126      0.127    11.5435   0.025762     0.0255 1.8217e+03    276.283     99.927      0.126     0.0192    -0.4348    1453.32 0.0000e+00
         37 145.451797      0.127      0.129    11.5437   0.041996     0.0245 1.8449e+03    282.936    100.323      0.127     0.0288    -0.4273    1453.33 0.0000e+00
         38 145.451797      0.129      0.130    11.5440   0.069052     0.0215 1.8886e+03    287.172    101.086      0.129     0.0453    -0.4143    1453.35 0.0000e+00
         39 145.451797      0.131      0.133    11.5442   0.114134     0.0156 1.9291e+03    282.084    102.040      0.131     0.0736    -0.3922    1453.39 0.0000e+00
         40 145.451797      0.134      0.135    11.5444   0.189265     0.0166 1.9761e+03    285.678    103.313      0.134     0.1220    -0.3543    1453.45 0.0000e+00
         41 145.451813      0.137      0.139    11.5446   0.314487     0.0166 1.9917e+03    289.368    104.627      0.137     0.2045    -0.2896    1453.55 0.0000e+00
         42 145.451813      0.142      0.143    11.5447   0.523194     0.0324 1.9709e+03    292.020    105.568      0.142     0.3455    -0.1792    1453.73 0.0000e+00
         43 145.451813      0.147      0.148    11.5447   0.871048     0.0185 1.9435e+03    294.227    106.344      0.147     0.5867     0.0093    1454.03 0.0000e+00
         44 145.451813      0.154      0.155    11.5445   1.450807    -0.0033 3.1733e+02    295.545    106.800      0.154     1.0004     0.3323    1454.54 0.0000e+00
         45 145.451813      0.163      0.164    11.5437   2.417065     0.0116 3.1402e+02    296.018    106.954      0.163     1.7122     0.8871    1455.41 0.0000e+00
         46 145.451813      0.174      0.175    11.5420   4.027484     0.0076 2.8546e+02    295.881    106.887      0.174     2.9418     1.8435    1456.90 0.0000e+00
         47 145.451828      0.188      0.190    11.5386   6.711497     0.0225 2.7474e+02    295.292    106.666      0.188     5.0746     3.4987    1459.47 0.0000e+00
         48 145.451828      0.207      0.209    11.5322  11.184827     0.0166 2.7408e+02    294.337    106.316      0.207     8.7902     6.3763    1463.91 0.0000e+00
         49 145.451828      0.231      0.233    11.5216  17.402140     0.0096 2.7794e+02    293.520    106.012      0.231    14.1948    10.5570    1470.33 0.0000e+00
         50 145.451828      0.261      0.263    11.5071  23.812130     0.0175 2.8571e+02    292.731    105.726      0.261    19.9966    15.0459    1477.19 0.0000e+00
         51 145.451828      0.299      0.301    11.4919  28.886028     0.0215 8.6201e+02    292.298    105.570      0.299    24.7337    18.7159    1482.79 0.0000e+00
         52 145.451843      0.343      0.346    11.4787  32.173180     0.0255 1.8599e+03    292.165    105.512      0.343    27.8683    21.1480    1486.49 0.0000e+00
         53 145.451843      0.392      0.396    11.4684  34.008251     0.0225 1.8994e+03    292.255    105.530      0.392    29.6417    22.5258    1488.58 0.0000e+00
         54 145.451843      0.444      0.448    11.4612  34.871632     0.0304 1.9448e+03    292.857    105.744      0.444    30.4834    23.1805    1489.56 0.0000e+00
         55 145.451843      0.495      0.500    11.4566  35.202633     0.0265 1.9380e+03    293.780    106.070      0.495    30.8085    23.4337    1489.94 0.0000e+00
         56 145.451843      0.544      0.549    11.4543  35.595894     0.0136 7.0258e+02    295.046    106.520      0.544    31.1928    23.7326    1490.39 0.0000e+00
         57 145.451859      0.587      0.593    11.4530  36.235832     0.0245 1.3868e+03    296.765    107.133      0.587    31.8176    24.2181    1491.14 0.0000e+00
         58 145.451859      0.624      0.630    11.4511  36.787819     0.0156 1.9219e+03    296.738    107.120      0.624    32.3586    24.6389    1491.78 0.0000e+00
         59 145.451859      0.654      0.660    11.4480  37.112049     0.0146 8.1311e+02    296.314    106.960      0.654    32.6788    24.8883    1492.15 0.0000e+00
         60 145.451859      0.677      0.683    11.4434  37.301853     0.0156 2.2262e+03    295.870    106.784      0.677    32.8689    25.0368    1492.37 0.0000e+00
         61 145.451859      0.696      0.703    11.4378  37.412235     0.0175 1.2083e+03    294.350    106.214      0.696    32.9822    25.1259    1492.48 0.0000e+00
         62 145.451874      0.713      0.720    11.4317  37.475697     0.0235 1.4293e+03    290.930    104.963      0.713    33.0499    25.1797    1492.54 0.0000e+00
         63 145.451874      0.729      0.736    11.4258  37.511169     0.0146 1.5702e+03    285.740    103.082      0.729    33.0900    25.2120    1492.57 0.0000e+00
         64 145.451874      0.747      0.753    11.4208  37.529690     0.0166 1.2824e+03    279.354    100.775      0.747    33.1127    25.2305    1492.58 0.0000e+00
         65 145.451874      0.765      0.772    11.4172  37.537926     0.0205 1.0086e+03    271.929     98.096      0.765    33.1240    25.2399    1492.58 0.0000e+00
         66 145.451874      0.784      0.791    11.4148  37.539822     0.0235 1.2259e+03    264.440     95.398      0.784    33.1280    25.2434    1492.58 0.0000e+00
         67 145.451874      0.805      0.813    11.4133  37.538242    -0.0053 1.6881e+03    257.013     92.725      0.805    33.1278    25.2436    1492.57 0.0000e+00
         68 145.451889      0.828      0.836    11.4119  37.535461     0.0195 1.8054e+03    250.441     90.351      0.828    33.1263    25.2427    1492.57 0.0000e+00
         69 145.451889      0.854      0.862    11.4102  37.532364     0.0166 1.1809e+03    245.410     88.528      0.854    33.1248    25.2418    1492.56 0.0000e+00
         70 145.451889      0.882      0.890    11.4074  37.529549     0.0304 2.0344e+03    242.027     87.309      0.882    33.1245    25.2421    1492.55 0.0000e+00
         71 145.451889      0.912      0.921    11.4035  37.528603     0.0185 9.3671e+02    239.661     86.459      0.912    33.1271    25.2448    1492.54 0.0000e+00
         72 145.451889      0.943      0.951    11.3985  37.530331     0.0265 1.5952e+03    238.009     85.866      0.943    33.1333    25.2505    1492.53 0.0000e+00
         73 145.451904      0.971      0.980    11.3928  37.533531     0.0146 1.0746e+03    237.023     85.512      0.971    33.1415    25.2579    1492.52 0.0000e+00
         74 145.451904      0.997      1.006    11.3872  37.536331     0.0275 1.0137e+03    235.972     85.136      0.997    33.1492    25.2650    1492.51 0.0000e+00
         75 145.451904      1.019      1.028    11.3822  37.537342     0.0166 1.2897e+03    234.898     84.752      1.019    33.1548    25.2702    1492.50 0.0000e+00
         76 145.451904      1.036      1.046    11.3778  37.535889     0.0175 1.2751e+03    233.192     84.141      1.036    33.1573    25.2730    1492.49 0.0000e+00
         77 145.451904      1.049      1.059    11.3736  37.531796     0.0235 3.8443e+02    232.428     83.871      1.049    33.1570    25.2735    1492.47 0.0000e+00
         78 145.451920      1.059      1.069    11.3693  37.525394     0.0156 1.5552e+03    231.160     83.418      1.059    33.1545    25.2724    1492.46 0.0000e+00
         79 145.451920      1.065      1.075    11.3650  37.517921     0.0294 1.1650e+03    230.307     83.114      1.065    33.1510    25.2704    1492.44 0.0000e+00
         80 145.451920      1.069      1.079    11.3612  37.511116     0.0294 1.0753e+03    229.237     82.728      1.069    33.1478    25.2686    1492.42 0.0000e+00
         81 145.451920      1.072      1.082    11.3582  37.506191     0.0195 1.9926e+03    228.101     82.317      1.072    33.1456    25.2674    1492.41 0.0000e+00
         82 145.451920      1.074      1.084    11.3562  37.503330     0.0255 1.1941e+03    227.009     81.921      1.074    33.1446    25.2670    1492.40 0.0000e+00
         83 145.451920      1.078      1.087    11.3551  37.501995     0.0195 4.9491e+02    225.602     81.411      1.078    33.1443    25.2669    1492.40 0.0000e+00
         84 145.451935      1.081      1.091    11.3550  37.501221     0.0255 6.4401e+02    224.260     80.925      1.081    33.1436    25.2665    1492.39 0.0000e+00
         85 145.451935      1.086      1.096    11.3555  37.499557     0.0106 4.1802e+02    222.553     80.307      1.086    33.1415    25.2647    1492.39 0.0000e+00
         86 145.451935      1.090      1.100    11.3564  37.496086     0.0235 3.4985e+02    221.454     79.910      1.090    33.1372    25.2612    1492.39 0.0000e+00
         87 145.451935      1.093      1.103    11.3576  37.491966     0.0235 4.2419e+02    220.441     79.544      1.093    33.1321    25.2570    1492.39 0.0000e+00
         88 145.451935      1.095      1.105    11.3590  37.489071     0.0215 4.1820e+02    220.128     79.432      1.095    33.1280    25.2536    1492.39 0.0000e+00
         89 145.451950      1.095      1.105    11.3606  37.487713     0.0195 3.6951e+02    220.214     79.463      1.095    33.1253    25.2512    1492.39 0.0000e+00
         90 145.451950      1.095      1.105    11.3623  37.487335    -0.0003 4.9470e+02    220.317     79.498      1.095    33.1234    25.2494    1492.40 0.0000e+00
         91 145.451950      1.095      1.105    11.3640  37.487705     0.0215 3.8284e+02    220.450     79.542      1.095    33.1222    25.2482    1492.40 0.0000e+00
         92 145.451950      1.095      1.105    11.3657  37.488834     0.0235 4.5504e+02    220.722     79.635      1.095    33.1218    25.2476    1492.41 0.0000e+00
         93 145.451950      1.096      1.107    11.3674  37.490681     0.0185 5.8173e+02    221.038     79.745      1.096    33.1221    25.2475    1492.41 0.0000e+00
         94 145.451965      1.099      1.109    11.3692  37.493004     0.0294 4.8643e+02    221.169     79.789      1.099    33.1228    25.2477    1492.42 0.0000e+00
         95 145.451965      1.102      1.112    11.3709  37.495361     0.0086 1.7342e+03    221.298     79.834      1.102    33.1235    25.2480    1492.43 0.0000e+00
         96 145.451965      1.104      1.115    11.3725  37.497231     0.0156 1.0864e+03    221.097     79.762      1.104    33.1239    25.2480    1492.43 0.0000e+00
