Data_manuscript/Scotland/SBE55/c1.cnv
* Sea-Bird SBE 19plus Data File:
* FileName = C:\Data\sbe55_sbe19p_5215\2023-05-25\0033.hex
* Software Version SeatermAF 2.1.4
* Temperature SN = 5215
* Conductivity SN = 5215
* System UpLoad Time = May 25 2023 13:14:20 (localtime) = May 25 2023 13:14:20 (UTC)
* ds
* SeacatPlus V 1.6b  SERIAL NO. 5215    25 May 2023  13:06:23
# nquan = 15                                
# nvalues = 988                         
# units = specified
# name 0 = scan: Scan Count
# name 1 = timeJ: Julian Days
# name 2 = depSM: Depth [salt water, m], lat = 56.00
# name 3 = prdM: Pressure, Strain Gauge [db]
# name 4 = tv290C: Temperature [ITS-90, deg C]
# name 5 = c0mS/cm: Conductivity [mS/cm]
# name 6 = flECO-AFL: Fluorescence, WET Labs ECO-AFL/FL [mg/m^3]
# name 7 = par/sat/log: PAR/Logarithmic, Satlantic [umol photons/m^2/sec]
# name 8 = sbeox0Mm/L: Oxygen, SBE 43 [umol/l]
# name 9 = sbeox0PS: Oxygen, SBE 43 [% saturation]
# name 10 = depSM: Depth [salt water, m], lat = 56
# name 11 = sal00: Salinity, Practical [PSU]
# name 12 = sigma-t00: Density [sigma-t, kg/m^3 ]
# name 13 = svCM: Sound Velocity [Chen-Millero, m/s]
# name 14 = flag: flag
# span 0 =          1,        988       
# span 1 = 145.451691, 145.454544       
# span 2 =      0.112,     13.513       
# span 3 =      0.113,     13.638       
# span 4 =    10.8076,    11.5447       
# span 5 =   0.001150,  37.539822       
# span 6 =    -0.1897,     1.2524       
# span 7 = 3.0513e+01, 3.2239e+03       
# span 8 =    206.994,    344.129       
# span 9 =     74.640,    115.593       
# span 10 =      0.112,     13.513      
# span 11 =     0.0061,    33.1573      
# span 12 =    -0.4447,    25.3596      
# span 13 =    1453.17,    1492.58      
# span 14 = 0.0000e+00, 0.0000e+00      
# interval = seconds: 0.25
# start_time = May 25 2023 10:50:26 [Instrument's time stamp, header]
# bad_flag = -9.990e-29
*END*
[from data line 579]
        580 145.453369     12.985     13.104    10.8282  37.016891     0.6573 3.2017e+01    293.269    104.609     12.985    33.1340    25.3530    1490.73 0.0000e+00
        581 145.453369     12.955     13.074    10.8289  37.016739     0.6533 3.1793e+01    293.177    104.578     12.955    33.1333    25.3523    1490.73 0.0000e+00
        582 145.453369     12.925     13.044    10.8291  37.016418     0.6325 3.1641e+01    292.971    104.506     12.925    33.1328    25.3519    1490.73 0.0000e+00
        583 145.453369     12.895     13.014    10.8289  37.016026     0.6097 3.1655e+01    292.905    104.481     12.895    33.1326    25.3518    1490.73 0.0000e+00
        584 145.453369     12.865     12.984    10.8284  37.015636     0.6126 3.1759e+01    292.763    104.429     12.865    33.1326    25.3519    1490.73 0.0000e+00
        585 145.453384     12.835     12.953    10.8278  37.015316     0.7049 3.1884e+01    292.719    104.412     12.835    33.1329    25.3522    1490.73 0.0000e+00
        586 145.453384     12.804     12.922    10.8273  37.015133     0.7019 3.1898e+01    292.308    104.266     12.804    33.1332    25.3525    1490.72 0.0000e+00
        587 145.453384     12.773     12.891    10.8269  37.015087     0.5968 3.1940e+01    292.360    104.286     12.773    33.1335    25.3528    1490.72 0.0000e+00
        588 145.453384     12.742     12.860    10.8266  37.015076     0.5898 3.1891e+01    292.306    104.269     12.742    33.1337    25.3530    1490.72 0.0000e+00
        589 145.453384     12.712     12.829    10.8265  37.015015     0.6622 3.1877e+01    292.512    104.343     12.712    33.1338    25.3531    1490.72 0.0000e+00
        590 145.453400     12.681     12.798    10.8264  37.014923     0.6751 3.1947e+01    292.870    104.472     12.681    33.1338    25.3531    1490.72 0.0000e+00
        591 145.453400     12.651     12.767    10.8263  37.014881     0.6851 3.1919e+01    292.999    104.519     12.651    33.1339    25.3532    1490.72 0.0000e+00
        592 145.453400     12.621     12.737    10.8261  37.014881     0.6970 3.1940e+01    292.921    104.492     12.621    33.1340    25.3534    1490.72 0.0000e+00
        593 145.453400     12.590     12.706    10.8260  37.014912     0.6841 3.2003e+01    292.879    104.478     12.590    33.1342    25.3535    1490.72 0.0000e+00
        594 145.453400     12.560     12.676    10.8260  37.015076     0.6890 3.2031e+01    292.661    104.401     12.560    33.1344    25.3537    1490.72 0.0000e+00
        595 145.453415     12.529     12.644    10.8261  37.015408     0.6037 3.1996e+01    292.575    104.371     12.529    33.1346    25.3539    1490.72 0.0000e+00
        596 145.453415     12.497     12.612    10.8263  37.015831     0.6077 3.2136e+01    292.485    104.340     12.497    33.1348    25.3540    1490.72 0.0000e+00
        597 145.453415     12.464     12.579    10.8268  37.016281     0.6414 3.2284e+01    292.529    104.356     12.464    33.1349    25.3539    1490.72 0.0000e+00
        598 145.453415     12.431     12.545    10.8274  37.016617     0.6454 3.2532e+01    292.640    104.395     12.431    33.1347    25.3536    1490.72 0.0000e+00
        599 145.453415     12.397     12.512    10.8281  37.016716     0.6940 3.2782e+01    292.987    104.519     12.397    33.1342    25.3532    1490.72 0.0000e+00
        600 145.453430     12.364     12.478    10.8285  37.016617     0.7039 3.3121e+01    293.242    104.611     12.364    33.1337    25.3527    1490.72 0.0000e+00
        601 145.453430     12.332     12.445    10.8287  37.016441     0.6841 3.3419e+01    293.343    104.649     12.332    33.1333    25.3524    1490.72 0.0000e+00
        602 145.453430     12.300     12.413    10.8288  37.016361     0.6781 3.3610e+01    293.398    104.669     12.300    33.1333    25.3523    1490.72 0.0000e+00
        603 145.453430     12.268     12.381    10.8287  37.016476     0.6315 3.3764e+01    293.521    104.714     12.268    33.1334    25.3524    1490.72 0.0000e+00
        604 145.453430     12.237     12.349    10.8289  37.016701     0.6444 3.3957e+01    293.262    104.626     12.237    33.1335    25.3525    1490.72 0.0000e+00
        605 145.453430     12.204     12.317    10.8293  37.016987     0.6166 3.4210e+01    293.239    104.625     12.204    33.1334    25.3524    1490.72 0.0000e+00
        606 145.453445     12.172     12.284    10.8298  37.017311     0.7634 3.4293e+01    293.123    104.588     12.172    33.1334    25.3522    1490.72 0.0000e+00
        607 145.453445     12.138     12.250    10.8302  37.017635     0.7684 3.4609e+01    293.087    104.576     12.138    33.1333    25.3521    1490.72 0.0000e+00
        608 145.453445     12.105     12.216    10.8307  37.017914     0.7485 3.4579e+01    293.181    104.608     12.105    33.1331    25.3519    1490.73 0.0000e+00
        609 145.453445     12.072     12.183    10.8312  37.018139     0.7485 3.4655e+01    293.246    104.630     12.072    33.1329    25.3516    1490.73 0.0000e+00
        610 145.453445     12.039     12.150    10.8317  37.018360     0.6474 3.4738e+01    293.036    104.555     12.039    33.1327    25.3514    1490.73 0.0000e+00
        611 145.453461     12.007     12.117    10.8321  37.018566     0.6384 3.4852e+01    292.928    104.518     12.007    33.1325    25.3512    1490.73 0.0000e+00
        612 145.453461     11.975     12.086    10.8325  37.018715     0.7178 3.4677e+01    292.875    104.501     11.975    33.1323    25.3509    1490.73 0.0000e+00
        613 145.453461     11.945     12.055    10.8330  37.018784     0.7198 3.4451e+01    292.606    104.406     11.945    33.1320    25.3506    1490.73 0.0000e+00
        614 145.453461     11.914     12.024    10.8333  37.018887     0.6007 3.4270e+01    292.477    104.361     11.914    33.1318    25.3504    1490.73 0.0000e+00
        615 145.453461     11.883     11.992    10.8336  37.019085     0.5958 3.4024e+01    292.480    104.365     11.883    33.1318    25.3503    1490.73 0.0000e+00
        616 145.453476     11.851     11.960    10.8338  37.019367     0.6989 3.3713e+01    292.480    104.366     11.851    33.1319    25.3503    1490.73 0.0000e+00
        617 145.453476     11.819     11.927    10.8342  37.019745     0.6970 3.3654e+01    292.537    104.387     11.819    33.1320    25.3504    1490.73 0.0000e+00
        618 145.453476     11.785     11.894    10.8346  37.020226     0.7704 3.3470e+01    292.753    104.467     11.785    33.1320    25.3503    1490.73 0.0000e+00
        619 145.453476     11.752     11.861    10.8352  37.020779     0.7584 3.3222e+01    292.931    104.535     11.752    33.1320    25.3502    1490.73 0.0000e+00
        620 145.453476     11.720     11.828    10.8360  37.021439     0.7753 3.3063e+01    293.019    104.570     11.720    33.1320    25.3501    1490.74 0.0000e+00
        621 145.453491     11.689     11.797    10.8370  37.022305     0.7862 3.2832e+01    293.256    104.657     11.689    33.1319    25.3498    1490.74 0.0000e+00
        622 145.453491     11.659     11.766    10.8383  37.023315     0.7188 3.2482e+01    293.269    104.662     11.659    33.1318    25.3495    1490.74 0.0000e+00
        623 145.453491     11.630     11.737    10.8399  37.024155     0.7138 3.2157e+01    293.442    104.724     11.630    33.1313    25.3488    1490.75 0.0000e+00
        624 145.453491     11.600     11.707    10.8413  37.024529     0.7386 3.1961e+01    293.347    104.690     11.600    33.1304    25.3479    1490.75 0.0000e+00
        625 145.453491     11.570     11.676    10.8422  37.024624     0.7356 3.1919e+01    293.528    104.753     11.570    33.1296    25.3471    1490.75 0.0000e+00
        626 145.453491     11.538     11.644    10.8427  37.024792     0.7069 3.1905e+01    293.459    104.728     11.538    33.1294    25.3469    1490.75 0.0000e+00
        627 145.453506     11.505     11.611    10.8429  37.025124     0.6454 3.2115e+01    293.521    104.753     11.505    33.1295    25.3470    1490.75 0.0000e+00
        628 145.453506     11.472     11.577    10.8432  37.025501     0.6444 3.2242e+01    293.556    104.770     11.472    33.1297    25.3470    1490.75 0.0000e+00
        629 145.453506     11.439     11.544    10.8436  37.025848     0.6672 3.2326e+01    293.467    104.744     11.439    33.1296    25.3469    1490.76 0.0000e+00
        630 145.453506     11.406     11.511    10.8442  37.026215     0.6603 3.2411e+01    293.634    104.808     11.406    33.1295    25.3467    1490.76 0.0000e+00
        631 145.453506     11.375     11.480    10.8448  37.026630     0.6305 3.2298e+01    293.549    104.781     11.375    33.1294    25.3465    1490.76 0.0000e+00
        632 145.453522     11.345     11.449    10.8455  37.027077     0.6444 3.2080e+01    293.432    104.740     11.345    33.1292    25.3462    1490.76 0.0000e+00
        633 145.453522     11.314     11.419    10.8463  37.027519     0.5978 3.1766e+01    293.179    104.648     11.314    33.1289    25.3458    1490.76 0.0000e+00
        634 145.453522     11.283     11.387    10.8472  37.028107     0.6176 3.1406e+01    293.176    104.647     11.283    33.1287    25.3456    1490.76 0.0000e+00
        635 145.453522     11.251     11.355    10.8480  37.029026     0.7247 3.1386e+01    293.165    104.647     11.251    33.1289    25.3456    1490.77 0.0000e+00
        636 145.453522     11.218     11.321    10.8490  37.030117     0.7257 3.1167e+01    293.097    104.624     11.218    33.1291    25.3456    1490.77 0.0000e+00
        637 145.453537     11.183     11.286    10.8502  37.030987     0.5918 3.1106e+01    293.029    104.598     11.183    33.1289    25.3452    1490.77 0.0000e+00
        638 145.453537     11.148     11.250    10.8515  37.031467     0.5988 3.1044e+01    293.102    104.624     11.148    33.1283    25.3444    1490.78 0.0000e+00
        639 145.453537     11.113     11.215    10.8526  37.031586     0.6295 3.0916e+01    293.333    104.709     11.113    33.1274    25.3435    1490.78 0.0000e+00
        640 145.453537     11.079     11.181    10.8535  37.031506     0.6404 3.0862e+01    293.410    104.739     11.079    33.1265    25.3427    1490.78 0.0000e+00
        641 145.453537     11.047     11.148    10.8540  37.031498     0.5859 3.0727e+01    293.530    104.785     11.047    33.1260    25.3423    1490.78 0.0000e+00
        642 145.453537     11.015     11.117    10.8543  37.031708     0.5879 3.0626e+01    293.618    104.818     11.015    33.1260    25.3422    1490.78 0.0000e+00
        643 145.453552     10.984     11.085    10.8545  37.032204     0.6702 3.0513e+01    293.669    104.836     10.984    33.1263    25.3424    1490.78 0.0000e+00
        644 145.453552     10.952     11.053    10.8549  37.033062     0.6672 3.0653e+01    293.562    104.800     10.952    33.1268    25.3427    1490.78 0.0000e+00
        645 145.453552     10.919     11.020    10.8557  37.034195     0.6751 3.0895e+01    293.226    104.688     10.919    33.1272    25.3429    1490.79 0.0000e+00
        646 145.453552     10.885     10.986    10.8570  37.035343     0.6920 3.1235e+01    293.092    104.643     10.885    33.1272    25.3427    1490.79 0.0000e+00
        647 145.453552     10.850     10.950    10.8585  37.036312     0.6781 3.1634e+01    292.869    104.558     10.850    33.1268    25.3421    1490.80 0.0000e+00
        648 145.453568     10.815     10.915    10.8601  37.036957     0.6801 3.2017e+01    293.078    104.630     10.815    33.1261    25.3412    1490.80 0.0000e+00
        649 145.453568     10.781     10.880    10.8614  37.037212     0.6493 3.2249e+01    293.261    104.695     10.781    33.1251    25.3403    1490.80 0.0000e+00
        650 145.453568     10.748     10.847    10.8624  37.037235     0.6087 3.2475e+01    293.263    104.696     10.748    33.1243    25.3394    1490.80 0.0000e+00
        651 145.453568     10.717     10.816    10.8630  37.037365     0.6146 3.2496e+01    293.678    104.844     10.717    33.1238    25.3390    1490.81 0.0000e+00
        652 145.453568     10.687     10.786    10.8636  37.037598     0.6166 3.2433e+01    294.255    105.051     10.687    33.1235    25.3386    1490.81 0.0000e+00
        653 145.453583     10.658     10.756    10.8643  37.037762     0.5978 3.2440e+01    294.615    105.180     10.658    33.1231    25.3382    1490.81 0.0000e+00
        654 145.453583     10.628     10.726    10.8649  37.037991     0.7783 3.2775e+01    295.165    105.376     10.628    33.1228    25.3378    1490.81 0.0000e+00
        655 145.453583     10.596     10.694    10.8652  37.038479     0.7832 3.3063e+01    295.383    105.455     10.596    33.1230    25.3379    1490.81 0.0000e+00
        656 145.453583     10.564     10.661    10.8656  37.039165     0.6741 3.3404e+01    295.586    105.529     10.564    33.1234    25.3381    1490.81 0.0000e+00
        657 145.453583     10.530     10.627    10.8663  37.039841     0.6741 3.3942e+01    295.680    105.565     10.530    33.1235    25.3381    1490.81 0.0000e+00
        658 145.453598     10.497     10.593    10.8672  37.040318     0.7614 3.4609e+01    295.428    105.477     10.497    33.1231    25.3376    1490.82 0.0000e+00
        659 145.453598     10.464     10.560    10.8683  37.040588     0.7704 3.5028e+01    295.237    105.410     10.464    33.1224    25.3369    1490.82 0.0000e+00
        660 145.453598     10.433     10.529    10.8694  37.040791     0.7495 3.5483e+01    294.788    105.251     10.433    33.1217    25.3362    1490.82 0.0000e+00
        661 145.453598     10.402     10.498    10.8704  37.041069     0.7446 3.5991e+01    294.145    105.022     10.402    33.1210    25.3355    1490.82 0.0000e+00
        662 145.453598     10.372     10.468    10.8715  37.041328     0.7059 3.6419e+01    293.960    104.957     10.372    33.1203    25.3347    1490.82 0.0000e+00
        663 145.453598     10.343     10.438    10.8727  37.041428     0.6999 3.6892e+01    293.583    104.824     10.343    33.1193    25.3338    1490.83 0.0000e+00
        664 145.453613     10.312     10.407    10.8733  37.041477     0.8487 3.7346e+01    293.387    104.755     10.312    33.1188    25.3332    1490.83 0.0000e+00
        665 145.453613     10.280     10.375    10.8732  37.041634     0.8418 3.8122e+01    293.359    104.746     10.280    33.1191    25.3334    1490.83 0.0000e+00
        666 145.453613     10.247     10.342    10.8728  37.041859     0.7456 3.8508e+01    293.315    104.731     10.247    33.1197    25.3340    1490.83 0.0000e+00
        667 145.453613     10.214     10.308    10.8725  37.042049     0.7584 3.8812e+01    293.155    104.674     10.214    33.1201    25.3344    1490.83 0.0000e+00
        668 145.453613     10.181     10.275    10.8724  37.042145     0.7832 3.9127e+01    293.263    104.714     10.181    33.1203    25.3346    1490.83 0.0000e+00
        669 145.453629     10.149     10.242    10.8724  37.042236     0.7852 3.9342e+01    293.144    104.672     10.149    33.1204    25.3347    1490.82 0.0000e+00
        670 145.453629     10.116     10.210    10.8725  37.042488     0.7555 3.9290e+01    292.885    104.581     10.116    33.1206    25.3348    1490.82 0.0000e+00
        671 145.453629     10.085     10.177    10.8726  37.042862     0.6751 3.9290e+01    292.917    104.594     10.085    33.1209    25.3350    1490.82 0.0000e+00
        672 145.453629     10.053     10.145    10.8729  37.043247     0.6642 3.9273e+01    292.807    104.557     10.053    33.1211    25.3351    1490.83 0.0000e+00
        673 145.453629     10.020     10.112    10.8733  37.043644     0.6989 3.9127e+01    292.542    104.463     10.020    33.1211    25.3350    1490.83 0.0000e+00
        674 145.453644      9.987     10.079    10.8739  37.044044     0.7069 3.9136e+01    292.609    104.488      9.987    33.1210    25.3348    1490.83 0.0000e+00
