Data_manuscript/Scotland/SBE55/c1.cnv
* Sea-Bird SBE 19plus Data File:
* FileName = C:\Data\sbe55_sbe19p_5215\2023-05-25\0033.hex
* Software Version SeatermAF 2.1.4
* Temperature SN = 5215
* Conductivity SN = 5215
* System UpLoad Time = May 25 2023 13:14:20 (localtime) = May 25 2023 13:14:20 (UTC)
* ds
* SeacatPlus V 1.6b  SERIAL NO. 5215    25 May 2023  13:06:23
# nquan = 15                                
# nvalues = 988                         
# units = specified
# name 0 = scan: Scan Count
# name 1 = timeJ: Julian Days
# name 2 = depSM: Depth [salt water, m], lat = 56.00
# name 3 = prdM: Pressure, Strain Gauge [db]
# name 4 = tv290C: Temperature [ITS-90, deg C]
# name 5 = c0mS/cm: Conductivity [mS/cm]
# name 6 = flECO-AFL: Fluorescence, WET Labs ECO-AFL/FL [mg/m^3]
# name 7 = par/sat/log: PAR/Logarithmic, Satlantic [umol photons/m^2/sec]
# name 8 = sbeox0Mm/L: Oxygen, SBE 43 [umol/l]
# name 9 = sbeox0PS: Oxygen, SBE 43 [% saturation]
# name 10 = depSM: Depth [salt water, m], lat = 56
# name 11 = sal00: Salinity, Practical [PSU]
# name 12 = sigma-t00: Density [sigma-t, kg/m^3 ]
# name 13 = svCM: Sound Velocity [Chen-Millero, m/s]
# name 14 = flag: flag
# span 0 =          1,        988       
# span 1 = 145.451691, 145.454544       
# span 2 =      0.112,     13.513       
# span 3 =      0.113,     13.638       
# span 4 =    10.8076,    11.5447       
# span 5 =   0.001150,  37.539822       
# span 6 =    -0.1897,     1.2524       
# span 7 = 3.0513e+01, 3.2239e+03       
# span 8 =    206.994,    344.129       
# span 9 =     74.640,    115.593       
# span 10 =      0.112,     13.513      
# span 11 =     0.0061,    33.1573      
# span 12 =    -0.4447,    25.3596      
# span 13 =    1453.17,    1492.58      
# span 14 = 0.0000e+00, 0.0000e+00      
# interval = seconds: 0.25
# start_time = May 25 2023 10:50:26 [Instrument's time stamp, header]
# bad_flag = -9.990e-29
*END*
[from data line 386]
        387 145.452805      6.418      6.477    10.9100  37.059101     0.6870 1.2658e+02    293.951    105.019      6.418    33.1049    25.3159    1490.88 0.0000e+00
        388 145.452805      6.463      6.522    10.9071  37.058521     0.5710 1.3719e+02    294.121    105.079      6.463    33.1069    25.3180    1490.87 0.0000e+00
        389 145.452820      6.507      6.567    10.9053  37.058624     0.5779 1.3428e+02    294.304    105.145      6.507    33.1087    25.3197    1490.87 0.0000e+00
        390 145.452820      6.551      6.611    10.9043  37.059177     0.5611 1.2664e+02    294.543    105.231      6.551    33.1100    25.3209    1490.86 0.0000e+00
        391 145.452820      6.594      6.654    10.9041  37.059887     0.5591 1.3271e+02    294.580    105.246      6.594    33.1109    25.3216    1490.87 0.0000e+00
        392 145.452820      6.635      6.696    10.9045  37.060471     0.6196 1.1945e+02    294.842    105.343      6.635    33.1111    25.3218    1490.87 0.0000e+00
        393 145.452820      6.675      6.737    10.9051  37.060852     0.6166 1.2414e+02    294.865    105.356      6.675    33.1110    25.3215    1490.87 0.0000e+00
        394 145.452820      6.715      6.777    10.9056  37.061089     0.6176 1.3367e+02    293.616    104.914      6.715    33.1107    25.3213    1490.87 0.0000e+00
        395 145.452835      6.755      6.818    10.9060  37.061180     0.6206 1.1818e+02    293.154    104.752      6.755    33.1105    25.3210    1490.87 0.0000e+00
        396 145.452835      6.796      6.859    10.9062  37.061108     0.6246 1.3523e+02    292.658    104.579      6.796    33.1102    25.3207    1490.88 0.0000e+00
        397 145.452835      6.839      6.902    10.9062  37.060982     0.6236 1.2728e+02    292.572    104.551      6.839    33.1100    25.3206    1490.88 0.0000e+00
        398 145.452835      6.882      6.946    10.9060  37.060989     0.7545 1.3531e+02    292.532    104.539      6.882    33.1102    25.3207    1490.88 0.0000e+00
        399 145.452835      6.927      6.990    10.9058  37.061226     0.7465 1.2431e+02    292.432    104.503      6.927    33.1105    25.3211    1490.88 0.0000e+00
        400 145.452850      6.971      7.035    10.9058  37.061668     0.6821 1.1857e+02    292.493    104.524      6.971    33.1110    25.3214    1490.88 0.0000e+00
        401 145.452850      7.014      7.079    10.9060  37.062225     0.6811 1.2697e+02    292.799    104.633      7.014    33.1114    25.3217    1490.88 0.0000e+00
        402 145.452850      7.056      7.121    10.9064  37.062794     0.6791 1.2482e+02    293.410    104.850      7.056    33.1116    25.3218    1490.88 0.0000e+00
        403 145.452850      7.097      7.163    10.9069  37.063316     0.6751 1.2082e+02    293.673    104.945      7.097    33.1116    25.3217    1490.88 0.0000e+00
        404 145.452850      7.138      7.204    10.9074  37.063766     0.7168 1.2085e+02    294.154    105.117      7.138    33.1115    25.3216    1490.89 0.0000e+00
        405 145.452866      7.180      7.246    10.9080  37.064110     0.7178 1.2603e+02    294.053    105.081      7.180    33.1114    25.3213    1490.89 0.0000e+00
        406 145.452866      7.222      7.288    10.9085  37.064472     0.6989 1.2293e+02    294.285    105.165      7.222    33.1113    25.3212    1490.89 0.0000e+00
        407 145.452866      7.266      7.333    10.9090  37.065056     0.6474 1.2032e+02    294.367    105.195      7.266    33.1114    25.3212    1490.89 0.0000e+00
        408 145.452866      7.311      7.378    10.9095  37.065960     0.6414 1.1702e+02    294.031    105.074      7.311    33.1117    25.3213    1490.90 0.0000e+00
        409 145.452866      7.357      7.425    10.9103  37.067181     0.6355 1.1896e+02    293.908    105.029      7.357    33.1122    25.3216    1490.90 0.0000e+00
        410 145.452881      7.403      7.471    10.9114  37.068535     0.6325 1.1256e+02    293.683    104.948      7.403    33.1125    25.3216    1490.91 0.0000e+00
        411 145.452881      7.449      7.517    10.9128  37.069801     0.6880 1.0909e+02    293.618    104.926      7.449    33.1125    25.3214    1490.91 0.0000e+00
        412 145.452881      7.493      7.562    10.9144  37.070965     0.6880 1.1300e+02    293.647    104.939      7.493    33.1123    25.3209    1490.92 0.0000e+00
        413 145.452881      7.537      7.606    10.9159  37.072006     0.6751 1.0797e+02    293.619    104.931      7.537    33.1119    25.3203    1490.92 0.0000e+00
        414 145.452881      7.580      7.650    10.9173  37.072830     0.6672 1.1922e+02    293.672    104.951      7.580    33.1114    25.3197    1490.93 0.0000e+00
        415 145.452881      7.623      7.693    10.9185  37.073372     0.7138 1.0424e+02    294.042    105.084      7.623    33.1108    25.3190    1490.93 0.0000e+00
        416 145.452896      7.666      7.736    10.9195  37.073627     0.7178 1.0914e+02    294.214    105.145      7.666    33.1102    25.3184    1490.94 0.0000e+00
        417 145.452896      7.709      7.780    10.9201  37.073673     0.8140 1.0762e+02    294.478    105.240      7.709    33.1097    25.3179    1490.94 0.0000e+00
        418 145.452896      7.753      7.825    10.9204  37.073666     0.8120 1.0508e+02    295.066    105.450      7.753    33.1094    25.3176    1490.94 0.0000e+00
        419 145.452896      7.798      7.869    10.9205  37.073727     0.8051 1.1552e+02    295.331    105.544      7.798    33.1094    25.3176    1490.94 0.0000e+00
        420 145.452896      7.842      7.914    10.9205  37.073849     0.8190 1.0419e+02    295.770    105.698      7.842    33.1095    25.3176    1490.94 0.0000e+00
        421 145.452911      7.885      7.958    10.9205  37.074032     0.8150 1.1424e+02    296.255    105.867      7.885    33.1096    25.3177    1490.94 0.0000e+00
        422 145.452911      7.928      8.001    10.9206  37.074265     0.8219 1.0871e+02    296.396    105.913      7.928    33.1098    25.3179    1490.94 0.0000e+00
        423 145.452911      7.969      8.043    10.9207  37.074444     0.6890 1.0959e+02    296.448    105.931      7.969    33.1098    25.3179    1490.95 0.0000e+00
        424 145.452911      8.010      8.084    10.9208  37.074497     0.6841 1.1369e+02    296.559    105.972      8.010    33.1097    25.3178    1490.95 0.0000e+00
        425 145.452911      8.051      8.125    10.9210  37.074421     0.6156 1.0849e+02    295.967    105.763      8.051    33.1095    25.3176    1490.95 0.0000e+00
        426 145.452927      8.092      8.167    10.9211  37.074326     0.6107 1.1404e+02    295.173    105.481      8.092    33.1093    25.3174    1490.95 0.0000e+00
        427 145.452927      8.134      8.209    10.9211  37.074406     0.6801 1.1017e+02    294.963    105.407      8.134    33.1093    25.3174    1490.95 0.0000e+00
        428 145.452927      8.177      8.253    10.9212  37.074780     0.7694 1.1080e+02    294.626    105.288      8.177    33.1096    25.3176    1490.95 0.0000e+00
        429 145.452927      8.222      8.297    10.9214  37.075352     0.7545 1.0743e+02    294.443    105.224      8.222    33.1100    25.3179    1490.95 0.0000e+00
        430 145.452927      8.266      8.342    10.9219  37.075832     0.7277 1.0930e+02    294.300    105.173      8.266    33.1100    25.3178    1490.96 0.0000e+00
        431 145.452927      8.311      8.388    10.9224  37.076077     0.7218 1.0043e+02    294.241    105.151      8.311    33.1097    25.3175    1490.96 0.0000e+00
        432 145.452942      8.356      8.433    10.9228  37.076183     0.7743 1.0376e+02    294.577    105.271      8.356    33.1094    25.3172    1490.96 0.0000e+00
        433 145.452942      8.399      8.477    10.9231  37.076237     0.7932 9.5610e+01    294.620    105.286      8.399    33.1092    25.3170    1490.96 0.0000e+00
        434 145.452942      8.442      8.520    10.9232  37.076195     0.7446 9.5967e+01    294.808    105.355      8.442    33.1090    25.3168    1490.96 0.0000e+00
        435 145.452942      8.485      8.563    10.9233  37.075977     0.7376 9.5131e+01    294.658    105.303      8.485    33.1088    25.3166    1490.96 0.0000e+00
        436 145.452942      8.527      8.606    10.9232  37.075520     0.6870 9.2606e+01    294.584    105.278      8.527    33.1084    25.3163    1490.96 0.0000e+00
        437 145.452957      8.571      8.649    10.9228  37.074821     0.6870 9.3338e+01    294.922    105.400      8.571    33.1080    25.3161    1490.96 0.0000e+00
        438 145.452957      8.615      8.694    10.9222  37.074020     0.7614 9.4220e+01    295.526    105.617      8.615    33.1077    25.3160    1490.96 0.0000e+00
        439 145.452957      8.661      8.741    10.9214  37.073372     0.7485 8.6762e+01    295.978    105.779      8.661    33.1078    25.3162    1490.96 0.0000e+00
        440 145.452957      8.707      8.787    10.9205  37.073170     0.7614 8.9892e+01    296.359    105.913      8.707    33.1084    25.3168    1490.96 0.0000e+00
        441 145.452957      8.754      8.834    10.9199  37.073456     0.7634 8.2904e+01    296.525    105.970      8.754    33.1092    25.3175    1490.96 0.0000e+00
        442 145.452972      8.799      8.880    10.9197  37.073956     0.7049 8.6440e+01    296.660    106.010      8.799    33.1098    25.3181    1490.96 0.0000e+00
        443 145.452972      8.842      8.924    10.9200  37.074455     0.6979 8.1305e+01    296.778    106.049      8.842    33.1101    25.3182    1490.96 0.0000e+00
        444 145.452972      8.884      8.966    10.9204  37.074890     0.8070 8.5183e+01    296.338    105.889      8.884    33.1101    25.3181    1490.96 0.0000e+00
        445 145.452972      8.925      9.007    10.9209  37.075241     0.8120 8.2578e+01    296.223    105.848      8.925    33.1100    25.3180    1490.96 0.0000e+00
        446 145.452972      8.966      9.048    10.9214  37.075516     0.8854 8.5594e+01    295.974    105.756      8.966    33.1098    25.3178    1490.96 0.0000e+00
        447 145.452988      9.007      9.090    10.9218  37.075630     0.8854 8.3322e+01    295.821    105.696      9.007    33.1095    25.3174    1490.97 0.0000e+00
        448 145.452988      9.049      9.133    10.9222  37.075584     0.6593 8.7928e+01    295.623    105.619      9.049    33.1091    25.3171    1490.97 0.0000e+00
        449 145.452988      9.093      9.177    10.9223  37.075603     0.6732 8.3340e+01    295.199    105.462      9.093    33.1090    25.3169    1490.97 0.0000e+00
        450 145.452988      9.137      9.221    10.9224  37.075829     0.6404 8.2777e+01    294.779    105.309      9.137    33.1091    25.3170    1490.97 0.0000e+00
        451 145.452988      9.182      9.266    10.9226  37.076191     0.6255 8.1270e+01    294.708    105.285      9.182    33.1093    25.3172    1490.97 0.0000e+00
        452 145.452988      9.225      9.310    10.9228  37.076603     0.6236 8.0580e+01    294.697    105.279      9.225    33.1095    25.3172    1490.97 0.0000e+00
        453 145.453003      9.268      9.353    10.9232  37.076981     0.7723 8.1430e+01    294.585    105.239      9.268    33.1095    25.3172    1490.98 0.0000e+00
        454 145.453003      9.309      9.395    10.9236  37.077240     0.7624 8.3669e+01    294.563    105.231      9.309    33.1094    25.3170    1490.98 0.0000e+00
        455 145.453003      9.349      9.435    10.9239  37.077274     0.6295 8.6781e+01    294.901    105.354      9.349    33.1091    25.3168    1490.98 0.0000e+00
        456 145.453003      9.390      9.476    10.9240  37.076996     0.6255 8.6384e+01    295.096    105.425      9.390    33.1087    25.3164    1490.98 0.0000e+00
        457 145.453003      9.431      9.518    10.9239  37.076290     0.7039 8.7563e+01    295.470    105.561      9.431    33.1081    25.3160    1490.98 0.0000e+00
        458 145.453018      9.474      9.561    10.9233  37.075211     0.6940 8.6195e+01    295.780    105.673      9.474    33.1075    25.3156    1490.98 0.0000e+00
        459 145.453018      9.518      9.606    10.9223  37.073830     0.6474 8.5351e+01    295.851    105.699      9.518    33.1071    25.3154    1490.97 0.0000e+00
        460 145.453018      9.564      9.652    10.9209  37.072422     0.6593 8.3468e+01    296.204    105.823      9.564    33.1069    25.3156    1490.97 0.0000e+00
        461 145.453018      9.610      9.699    10.9193  37.071407     0.7555 8.2722e+01    296.367    105.877      9.610    33.1073    25.3161    1490.97 0.0000e+00
        462 145.453018      9.656      9.745    10.9179  37.070518     0.7495 8.3249e+01    296.513    105.922      9.656    33.1077    25.3167    1490.96 0.0000e+00
        463 145.453033      9.702      9.792    10.9165  37.069340     0.6989 8.2145e+01    296.464    105.897      9.702    33.1077    25.3170    1490.96 0.0000e+00
        464 145.453033      9.748      9.837    10.9151  37.067947     0.6989 8.0228e+01    296.242    105.812      9.748    33.1076    25.3172    1490.95 0.0000e+00
        465 145.453033      9.792      9.882    10.9134  37.066570     0.6335 8.0509e+01    296.281    105.823      9.792    33.1078    25.3176    1490.95 0.0000e+00
        466 145.453033      9.837      9.927    10.9115  37.065475     0.6325 7.9633e+01    296.478    105.891      9.837    33.1083    25.3183    1490.94 0.0000e+00
        467 145.453033      9.881      9.972    10.9098  37.064823     0.7297 7.9773e+01    296.580    105.925      9.881    33.1093    25.3194    1490.94 0.0000e+00
        468 145.453049      9.926     10.017    10.9084  37.064556     0.7277 7.8612e+01    296.641    105.946      9.926    33.1102    25.3203    1490.94 0.0000e+00
        469 145.453049      9.972     10.063    10.9075  37.064377     0.6345 7.7554e+01    296.724    105.975      9.972    33.1108    25.3210    1490.93 0.0000e+00
        470 145.453049     10.018     10.110    10.9070  37.064281     0.6414 7.6677e+01    296.776    105.993     10.018    33.1112    25.3214    1490.93 0.0000e+00
        471 145.453049     10.064     10.156    10.9066  37.064480     0.6603 7.4919e+01    296.787    105.998     10.064    33.1117    25.3219    1490.93 0.0000e+00
        472 145.453049     10.110     10.203    10.9065  37.064892     0.6831 7.3459e+01    296.819    106.014     10.110    33.1122    25.3223    1490.93 0.0000e+00
        473 145.453049     10.155     10.248    10.9066  37.065296     0.6642 7.2122e+01    296.665    105.961     10.155    33.1125    25.3224    1490.94 0.0000e+00
        474 145.453064     10.199     10.293    10.9070  37.065563     1.1076 7.1291e+01    296.216    105.802     10.199    33.1124    25.3223    1490.94 0.0000e+00
        475 145.453064     10.242     10.336    10.9073  37.065552     1.1076 7.0685e+01    296.092    105.757     10.242    33.1120    25.3220    1490.94 0.0000e+00
        476 145.453064     10.284     10.379    10.9076  37.065098     0.7446 6.8839e+01    295.935    105.700     10.284    33.1114    25.3214    1490.94 0.0000e+00
        477 145.453064     10.327     10.422    10.9074  37.064056     0.7436 6.8299e+01    295.925    105.697     10.327    33.1104    25.3207    1490.94 0.0000e+00
        478 145.453064     10.369     10.464    10.9068  37.062428     0.7297 6.7409e+01    295.815    105.657     10.369    33.1094    25.3200    1490.94 0.0000e+00
        479 145.453079     10.411     10.507    10.9056  37.060444     0.7346 6.6530e+01    295.666    105.604     10.411    33.1085    25.3195    1490.93 0.0000e+00
        480 145.453079     10.455     10.551    10.9038  37.058537     0.7118 6.5176e+01    295.520    105.552     10.455    33.1082    25.3196    1490.93 0.0000e+00
        481 145.453079     10.498     10.595    10.9017  37.057007     0.7188 6.3599e+01    295.362    105.495     10.498    33.1086    25.3202    1490.92 0.0000e+00
