Data_manuscript/Scotland/SBE55/c1_1m.cnv
* Sea-Bird SBE 19plus Data File:
* FileName = C:\Data\sbe55_sbe19p_5215\2023-05-25\0033.hex
* Software Version SeatermAF 2.1.4
* Temperature SN = 5215
* Conductivity SN = 5215
* System UpLoad Time = May 25 2023 13:14:20 (localtime) = May 25 2023 13:14:20 (UTC)
* ds
* SeacatPlus V 1.6b  SERIAL NO. 5215    25 May 2023  13:06:23
# nquan = 15
# nvalues = 27                          
# units = specified
# name 0 = scan: Scan Count
# name 1 = timeJ: Julian Days
# name 2 = depSM: Depth [salt water, m], lat = 56.00
# name 3 = prdM: Pressure, Strain Gauge [db]
# name 4 = tv290C: Temperature [ITS-90, deg C]
# name 5 = c0mS/cm: Conductivity [mS/cm]
# name 6 = flECO-AFL: Fluorescence, WET Labs ECO-AFL/FL [mg/m^3]
# name 7 = par/sat/log: PAR/Logarithmic, Satlantic [umol photons/m^2/sec]
# name 8 = sbeox0Mm/L: Oxygen, SBE 43 [umol/l]
# name 9 = sbeox0PS: Oxygen, SBE 43 [% saturation]
# name 10 = depSM: Depth [salt water, m], lat = 56
# name 11 = sal00: Salinity, Practical [PSU]
# name 12 = sigma-t00: Density [sigma-t, kg/m^3 ]
# name 13 = svCM: Sound Velocity [Chen-Millero, m/s]
# name 14 = flag: flag
# span 0 =        151,        933       
# span 1 = 145.452124, 145.454386       
# span 2 =      1.000,     14.000       
# span 3 =      1.009,     14.129       
# span 4 =    10.8104,    11.3820       
# span 5 =  37.006195,  37.454841       
# span 6 =     0.0156,     0.7806       
# span 7 = 2.7145e+01, 1.1595e+03       
# span 8 =    258.889,    296.545       
# span 9 =     93.396,    105.815       
# span 10 =      1.000,     14.000      
# span 11 =    33.0570,    33.1445      
# span 12 =    25.2074,    25.3643      
# span 13 =    1490.70,    1492.40      
# span 14 = 0.0000e+00, 0.0000e+00      
# interval = meters: 1                  
# start_time = May 25 2023 10:50:26 [Instrument's time stamp, header]
# bad_flag = -9.990e-29
*END*
        151 145.452124      1.000      1.009    11.3820  37.454841     0.0192 1.1595e+03    258.889     93.396      1.000    33.0739    25.2074    1492.40 0.0000e+00
        286 145.452516      2.000      2.018    11.2237  37.294877     0.0156 1.0032e+03    292.380    105.027      2.000    33.0578    25.2234    1491.85 0.0000e+00
        308 145.452579      3.000      3.028    11.1595  37.245613     0.2088 6.1015e+02    292.640    104.932      3.000    33.0664    25.2416    1491.65 0.0000e+00
        331 145.452645      4.000      4.037    11.0821  37.190622     0.4689 3.9454e+02    293.984    105.358      4.000    33.0812    25.2669    1491.41 0.0000e+00
        354 145.452712      5.000      5.046    11.0481  37.164121     0.5384 2.1926e+02    295.168    105.607      5.000    33.0851    25.2761    1491.32 0.0000e+00
        377 145.452778      6.000      6.055    10.9580  37.092199     0.6118 1.5806e+02    293.948    105.013      6.000    33.0946    25.2994    1491.03 0.0000e+00
        401 145.452847      7.000      7.064    10.9070  37.062936     0.6547 1.2322e+02    293.674    104.940      7.000    33.1112    25.3214    1490.88 0.0000e+00
        424 145.452913      8.000      8.074    10.9206  37.074398     0.7367 1.0757e+02    294.953    105.405      8.000    33.1098    25.3179    1490.95 0.0000e+00
        447 145.452980      9.000      9.083    10.9221  37.075378     0.7223 8.5898e+01    295.522    105.592      9.000    33.1090    25.3170    1490.97 0.0000e+00
        470 145.453046     10.000     10.092    10.9105  37.065747     0.7309 7.5467e+01    296.247    105.815     10.000    33.1095    25.3195    1490.94 0.0000e+00
        492 145.453111     11.000     11.101    10.8956  37.056200     0.7223 5.7856e+01    295.949    105.703     11.000    33.1130    25.3248    1490.91 0.0000e+00
        515 145.453177     12.000     12.110    10.8864  37.048211     0.7806 4.8744e+01    296.222    105.657     12.000    33.1129    25.3263    1490.90 0.0000e+00
        539 145.453248     13.000     13.120    10.8187  37.006195     0.7426 3.8035e+01    294.627    105.066     13.000    33.1319    25.3530    1490.70 0.0000e+00
        576 145.453353     14.000     14.129    10.8104  37.011626     0.5794 2.7145e+01    295.044    105.255     14.000    33.1445    25.3643    1490.70 0.0000e+00
        580 145.453364     13.000     13.120    10.8252  37.014969     0.6051 3.1761e+01    293.278    104.613     13.000    33.1348    25.3542    1490.72 0.0000e+00
        611 145.453456     12.000     12.110    10.8330  37.019318     0.6947 3.3414e+01    293.040    104.560     12.000    33.1325    25.3510    1490.73 0.0000e+00
        643 145.453546     11.000     11.101    10.8548  37.032851     0.6535 3.1819e+01    293.689    104.841     11.000    33.1266    25.3426    1490.78 0.0000e+00
        673 145.453636     10.000     10.092    10.8751  37.044056     0.7199 3.8233e+01    293.525    104.814     10.000    33.1199    25.3337    1490.83 0.0000e+00
        705 145.453726      9.000      9.083    10.8900  37.053045     0.7044 4.0579e+01    293.868    104.972      9.000    33.1158    25.3280    1490.86 0.0000e+00
        736 145.453815      8.000      8.074    10.9085  37.064923     0.6983 5.2196e+01    293.315    104.806      8.000    33.1114    25.3212    1490.90 0.0000e+00
        767 145.453905      7.000      7.064    10.9206  37.072946     0.6936 6.2336e+01    292.958    104.706      7.000    33.1088    25.3171    1490.93 0.0000e+00
        798 145.453995      6.000      6.055    10.9383  37.087162     0.6466 6.8133e+01    293.048    104.834      6.000    33.1074    25.3129    1490.97 0.0000e+00
        825 145.454075      5.000      5.046    11.0004  37.137676     0.5905 7.4881e+01    291.560    104.433      5.000    33.1020    25.2976    1491.17 0.0000e+00
        853 145.454154      4.000      4.037    11.0471  37.171479     0.5657 8.4964e+01    292.570    104.862      4.000    33.0938    25.2830    1491.31 0.0000e+00
        879 145.454232      3.000      3.028    11.0760  37.193710     0.5142 1.1129e+02    290.966    104.363      3.000    33.0902    25.2750    1491.39 0.0000e+00
        906 145.454309      2.000      2.018    11.1122  37.221628     0.4915 1.6802e+02    291.185    104.575      2.000    33.0856    25.2650    1491.49 0.0000e+00
        933 145.454386      1.000      1.009    11.1829  37.256515     0.2552 3.6462e+02    296.545    101.576      1.000    33.0570    25.2301    1491.69 0.0000e+00
