Data_manuscript/Scotland/SBE55/c2.cnv
* Sea-Bird SBE 19plus Data File:
* FileName = C:\Data\sbe55_sbe19p_5215\2023-05-25\0034.hex
* Software Version SeatermAF 2.1.4
* Temperature SN = 5215
* Conductivity SN = 5215
* System UpLoad Time = May 25 2023 13:15:03 (localtime) = May 25 2023 13:15:03 (UTC)
* ds
* SeacatPlus V 1.6b  SERIAL NO. 5215    25 May 2023  13:06:23
# nquan = 15                                
# nvalues = 1311                        
# units = specified
# name 0 = scan: Scan Count
# name 1 = timeJ: Julian Days
# name 2 = depSM: Depth [salt water, m], lat = 56.00
# name 3 = prdM: Pressure, Strain Gauge [db]
# name 4 = tv290C: Temperature [ITS-90, deg C]
# name 5 = c0mS/cm: Conductivity [mS/cm]
# name 6 = flECO-AFL: Fluorescence, WET Labs ECO-AFL/FL [mg/m^3]
# name 7 = par/sat/log: PAR/Logarithmic, Satlantic [umol photons/m^2/sec]
# name 8 = sbeox0Mm/L: Oxygen, SBE 43 [umol/l]
# name 9 = sbeox0PS: Oxygen, SBE 43 [% saturation]
# name 10 = depSM: Depth [salt water, m], lat = 56
# name 11 = sal00: Salinity, Practical [PSU]
# name 12 = sigma-t00: Density [sigma-t, kg/m^3 ]
# name 13 = svCM: Sound Velocity [Chen-Millero, m/s]
# name 14 = flag: flag
# span 0 =          1,       1311       
# span 1 = 145.478989, 145.482788       
# span 2 =      0.097,     19.025       
# span 3 =      0.097,     19.201       
# span 4 =    10.8959,    12.9396       
# span 5 =   0.001224,  38.037861       
# span 6 =    -0.1471,     2.4416       
# span 7 = 1.9840e+01, 2.7380e+03       
# span 8 =    207.035,    341.174       
# span 9 =     75.546,    119.971       
# span 10 =      0.097,     19.025      
# span 11 =     0.0068,    33.1061      
# span 12 =    -0.6082,    25.3192      
# span 13 =    1456.02,    1495.58      
# span 14 = 0.0000e+00, 0.0000e+00      
# interval = seconds: 0.25
# start_time = May 25 2023 11:29:45 [Instrument's time stamp, header]
# bad_flag = -9.990e-29
*END*
[from data line 482]
        483 145.480392      8.523      8.601    11.0795  37.147301     0.8884 5.5327e+01    293.669    105.231      8.523    33.0387    25.2343    1491.43 0.0000e+00
        484 145.480392      8.569      8.648    11.0769  37.147259     0.9052 5.5570e+01    293.540    105.170      8.569    33.0409    25.2365    1491.42 0.0000e+00
        485 145.480392      8.616      8.695    11.0754  37.147797     0.9132 5.4954e+01    293.643    105.193      8.616    33.0428    25.2383    1491.42 0.0000e+00
        486 145.480392      8.662      8.742    11.0750  37.148361     1.0411 5.4249e+01    293.562    105.150      8.662    33.0438    25.2391    1491.42 0.0000e+00
        487 145.480392      8.708      8.788    11.0752  37.148579     1.0203 5.4332e+01    293.687    105.183      8.708    33.0438    25.2391    1491.42 0.0000e+00
        488 145.480408      8.753      8.834    11.0755  37.148453     0.8884 5.4762e+01    293.521    105.119      8.753    33.0433    25.2387    1491.42 0.0000e+00
        489 145.480408      8.799      8.880    11.0757  37.148220     0.8943 5.4618e+01    292.749    104.841      8.799    33.0429    25.2383    1491.42 0.0000e+00
        490 145.480408      8.844      8.925    11.0756  37.147820     0.8894 5.4320e+01    292.221    104.648      8.844    33.0426    25.2381    1491.42 0.0000e+00
        491 145.480408      8.889      8.971    11.0753  37.147026     0.8963 5.4666e+01    292.185    104.630      8.889    33.0420    25.2377    1491.42 0.0000e+00
        492 145.480408      8.934      9.016    11.0747  37.145969     0.8864 5.4642e+01    291.949    104.542      8.934    33.0415    25.2374    1491.42 0.0000e+00
        493 145.480423      8.979      9.061    11.0737  37.144955     0.8963 5.4654e+01    291.849    104.507      8.979    33.0413    25.2374    1491.42 0.0000e+00
        494 145.480423      9.023      9.106    11.0725  37.144131     1.0510 5.5182e+01    291.991    104.559      9.023    33.0416    25.2379    1491.42 0.0000e+00
        495 145.480423      9.067      9.151    11.0712  37.143658     1.0580 5.5327e+01    292.155    104.622      9.067    33.0423    25.2386    1491.41 0.0000e+00
        496 145.480423      9.111      9.195    11.0701  37.143635     1.0193 5.4654e+01    292.229    104.650      9.111    33.0433    25.2396    1491.41 0.0000e+00
        497 145.480423      9.155      9.240    11.0694  37.143620     0.7892 5.4750e+01    292.232    104.654      9.155    33.0439    25.2402    1491.41 0.0000e+00
        498 145.480438      9.199      9.284    11.0690  37.143005     0.7892 5.4582e+01    291.535    104.403      9.199    33.0436    25.2400    1491.41 0.0000e+00
        499 145.480438      9.243      9.328    11.0684  37.141373     0.9062 5.4834e+01    290.555    104.049      9.243    33.0425    25.2393    1491.41 0.0000e+00
        500 145.480438      9.287      9.373    11.0671  37.138504     0.9072 5.5279e+01    290.355    103.974      9.287    33.0408    25.2382    1491.40 0.0000e+00
        501 145.480438      9.331      9.417    11.0646  37.134705     0.8150 5.4678e+01    290.161    103.904      9.331    33.0392    25.2374    1491.39 0.0000e+00
        502 145.480438      9.376      9.462    11.0610  37.130672     0.8120 5.4511e+01    290.226    103.927      9.376    33.0385    25.2375    1491.38 0.0000e+00
        503 145.480438      9.421      9.508    11.0565  37.127041     0.8467 5.4978e+01    290.362    103.977      9.421    33.0389    25.2386    1491.36 0.0000e+00
        504 145.480453      9.467      9.554    11.0519  37.124214     0.8437 5.4523e+01    290.331    103.966      9.467    33.0403    25.2405    1491.35 0.0000e+00
        505 145.480453      9.513      9.601    11.0475  37.122280     0.8695 5.4990e+01    291.013    104.205      9.513    33.0422    25.2428    1491.34 0.0000e+00
        506 145.480453      9.559      9.647    11.0441  37.120972     0.8616 5.4954e+01    291.517    104.387      9.559    33.0440    25.2448    1491.33 0.0000e+00
        507 145.480453      9.606      9.694    11.0414  37.119820     0.9786 5.4190e+01    291.517    104.386      9.606    33.0452    25.2462    1491.32 0.0000e+00
        508 145.480453      9.652      9.741    11.0394  37.118729     0.9727 5.3694e+01    291.256    104.292      9.652    33.0460    25.2471    1491.31 0.0000e+00
        509 145.480469      9.700      9.789    11.0377  37.118069     0.8735 5.3659e+01    291.141    104.252      9.700    33.0468    25.2481    1491.31 0.0000e+00
        510 145.480469      9.747      9.837    11.0363  37.118141     0.8685 5.3366e+01    291.080    104.230      9.747    33.0481    25.2494    1491.31 0.0000e+00
        511 145.480469      9.795      9.885    11.0356  37.118652     0.9955 5.2636e+01    291.367    104.331      9.795    33.0493    25.2504    1491.31 0.0000e+00
        512 145.480469      9.842      9.933    11.0354  37.119308     1.0054 5.2498e+01    291.299    104.301      9.842    33.0501    25.2510    1491.31 0.0000e+00
        513 145.480469      9.890      9.981    11.0356  37.119968     0.7892 5.1950e+01    291.154    104.242      9.890    33.0505    25.2513    1491.31 0.0000e+00
        514 145.480484      9.937     10.029    11.0360  37.120308     0.7852 5.1329e+01    291.194    104.248      9.937    33.0504    25.2512    1491.31 0.0000e+00
        515 145.480484      9.985     10.077    11.0363  37.120350     0.7416 5.1194e+01    291.177    104.237      9.985    33.0503    25.2510    1491.31 0.0000e+00
        516 145.480484     10.032     10.124    11.0361  37.120296     0.7446 5.1520e+01    291.194    104.242     10.032    33.0504    25.2511    1491.31 0.0000e+00
        517 145.480484     10.078     10.171    11.0355  37.120220     0.7247 5.1149e+01    290.985    104.169     10.078    33.0507    25.2515    1491.31 0.0000e+00
        518 145.480484     10.125     10.218    11.0348  37.120247     0.7783 5.0870e+01    290.812    104.102     10.125    33.0514    25.2522    1491.31 0.0000e+00
        519 145.480499     10.171     10.265    11.0342  37.120419     0.7783 5.1486e+01    290.652    104.036     10.171    33.0521    25.2528    1491.31 0.0000e+00
        520 145.480499     10.217     10.311    11.0337  37.120644     1.1472 5.1542e+01    290.442    103.954     10.217    33.0528    25.2535    1491.31 0.0000e+00
        521 145.480499     10.262     10.357    11.0333  37.120789     1.1344 5.1689e+01    290.064    103.816     10.262    33.0533    25.2539    1491.31 0.0000e+00
        522 145.480499     10.307     10.402    11.0329  37.120567     0.8467 5.2086e+01    289.623    103.655     10.307    33.0534    25.2541    1491.31 0.0000e+00
        523 145.480499     10.353     10.448    11.0324  37.120193     0.8398 5.2098e+01    289.327    103.549     10.353    33.0534    25.2541    1491.31 0.0000e+00
        524 145.480499     10.398     10.494    11.0319  37.120209     0.7674 5.1464e+01    289.209    103.506     10.398    33.0538    25.2546    1491.31 0.0000e+00
        525 145.480515     10.443     10.539    11.0314  37.120358     0.7584 5.2178e+01    289.243    103.519     10.443    33.0544    25.2552    1491.31 0.0000e+00
        526 145.480515     10.489     10.585    11.0309  37.120380     0.8090 5.2372e+01    289.158    103.487     10.489    33.0549    25.2556    1491.31 0.0000e+00
        527 145.480515     10.534     10.631    11.0303  37.120205     0.8051 5.1689e+01    288.979    103.422     10.534    33.0553    25.2560    1491.31 0.0000e+00
        528 145.480515     10.580     10.678    11.0295  37.119469     0.9439 5.1464e+01    288.760    103.343     10.580    33.0552    25.2561    1491.31 0.0000e+00
        529 145.480515     10.627     10.725    11.0284  37.118168     0.9330 5.1565e+01    288.714    103.327     10.627    33.0549    25.2561    1491.30 0.0000e+00
        530 145.480530     10.673     10.772    11.0268  37.116444     1.3645 5.0904e+01    288.607    103.288     10.673    33.0546    25.2561    1491.30 0.0000e+00
        531 145.480530     10.720     10.819    11.0247  37.114532     1.3833 5.0593e+01    288.539    103.264     10.720    33.0546    25.2564    1491.29 0.0000e+00
        532 145.480530     10.767     10.866    11.0224  37.113121     0.9528 5.0549e+01    288.456    103.234     10.767    33.0552    25.2574    1491.28 0.0000e+00
        533 145.480530     10.814     10.914    11.0202  37.112362     0.9449 5.0141e+01    288.582    103.279     10.814    33.0565    25.2587    1491.28 0.0000e+00
        534 145.480530     10.862     10.962    11.0185  37.111420     0.8785 4.9694e+01    288.484    103.243     10.862    33.0570    25.2595    1491.27 0.0000e+00
        535 145.480545     10.909     11.009    11.0171  37.109760     0.8785 4.9520e+01    288.555    103.269     10.909    33.0566    25.2594    1491.27 0.0000e+00
        536 145.480545     10.956     11.057    11.0155  37.107788     0.7416 4.9186e+01    288.629    103.295     10.956    33.0561    25.2592    1491.26 0.0000e+00
        537 145.480545     11.004     11.105    11.0134  37.106174     0.7327 4.8875e+01    288.689    103.316     11.004    33.0563    25.2598    1491.26 0.0000e+00
        538 145.480545     11.051     11.153    11.0112  37.105114     0.8309 4.8587e+01    288.493    103.247     11.051    33.0572    25.2609    1491.25 0.0000e+00
        539 145.480545     11.098     11.201    11.0093  37.104454     0.8279 4.8375e+01    288.353    103.197     11.098    33.0583    25.2620    1491.25 0.0000e+00
        540 145.480545     11.145     11.248    11.0079  37.104073     0.8031 4.8048e+01    290.703    104.038     11.145    33.0592    25.2630    1491.24 0.0000e+00
        541 145.480560     11.192     11.295    11.0069  37.103863     0.9072 4.7515e+01    288.782    103.351     11.192    33.0599    25.2637    1491.24 0.0000e+00
        542 145.480560     11.238     11.342    11.0062  37.103703     0.9003 4.7692e+01    288.633    103.297     11.238    33.0603    25.2642    1491.24 0.0000e+00
        543 145.480560     11.284     11.388    11.0057  37.103497     0.7961 4.7111e+01    288.245    103.159     11.284    33.0605    25.2645    1491.24 0.0000e+00
        544 145.480560     11.330     11.434    11.0053  37.103283     0.8021 4.7019e+01    287.946    103.052     11.330    33.0607    25.2647    1491.24 0.0000e+00
        545 145.480560     11.375     11.480    11.0049  37.103149     0.7902 4.6947e+01    287.815    103.006     11.375    33.0609    25.2649    1491.24 0.0000e+00
        546 145.480576     11.420     11.526    11.0045  37.103088     0.7842 4.6680e+01    288.579    103.279     11.420    33.0611    25.2651    1491.24 0.0000e+00
        547 145.480576     11.465     11.571    11.0043  37.103092     0.8487 4.6568e+01    289.694    103.679     11.465    33.0613    25.2653    1491.24 0.0000e+00
        548 145.480576     11.510     11.616    11.0042  37.103107     0.8398 4.6548e+01    290.373    103.922     11.510    33.0614    25.2654    1491.24 0.0000e+00
        549 145.480576     11.554     11.661    11.0041  37.103115     0.8190 4.6497e+01    292.069    104.529     11.554    33.0614    25.2654    1491.24 0.0000e+00
        550 145.480576     11.599     11.705    11.0040  37.103085     0.8259 4.6335e+01    292.019    104.508     11.599    33.0615    25.2655    1491.24 0.0000e+00
        551 145.480591     11.643     11.750    11.0040  37.103016     0.9846 4.6213e+01    291.983    104.492     11.643    33.0614    25.2655    1491.24 0.0000e+00
        552 145.480591     11.688     11.795    11.0039  37.102936     0.9796 4.6183e+01    291.408    104.281     11.688    33.0614    25.2654    1491.24 0.0000e+00
        553 145.480591     11.732     11.840    11.0039  37.102814     0.7366 4.6022e+01    290.950    104.110     11.732    33.0613    25.2654    1491.24 0.0000e+00
        554 145.480591     11.777     11.885    11.0039  37.102692     0.7317 4.5831e+01    290.184    103.830     11.777    33.0611    25.2652    1491.24 0.0000e+00
        555 145.480591     11.822     11.931    11.0039  37.102734     0.7515 4.5921e+01    289.502    103.582     11.822    33.0611    25.2652    1491.24 0.0000e+00
        556 145.480606     11.866     11.976    11.0040  37.102943     0.7485 4.5771e+01    288.988    103.397     11.866    33.0612    25.2653    1491.25 0.0000e+00
        557 145.480606     11.912     12.021    11.0041  37.103157     0.7763 4.5711e+01    288.565    103.245     11.912    33.0614    25.2654    1491.25 0.0000e+00
        558 145.480606     11.957     12.067    11.0042  37.103333     0.7813 4.5771e+01    288.108    103.082     11.957    33.0614    25.2654    1491.25 0.0000e+00
        559 145.480606     12.003     12.114    11.0042  37.103504     0.7763 4.5631e+01    286.924    102.657     12.003    33.0616    25.2655    1491.25 0.0000e+00
        560 145.480606     12.049     12.160    11.0042  37.103714     0.7902 4.5691e+01    286.030    102.338     12.049    33.0617    25.2657    1491.25 0.0000e+00
        561 145.480606     12.095     12.207    11.0043  37.103897     0.7614 4.5651e+01    285.674    102.212     12.095    33.0619    25.2657    1491.25 0.0000e+00
        562 145.480621     12.142     12.254    11.0043  37.103992     0.8259 4.5981e+01    285.754    102.242     12.142    33.0619    25.2657    1491.25 0.0000e+00
        563 145.480621     12.188     12.300    11.0044  37.103966     0.8229 4.6072e+01    286.206    102.404     12.188    33.0617    25.2656    1491.25 0.0000e+00
        564 145.480621     12.234     12.347    11.0045  37.103733     0.7813 4.6122e+01    286.606    102.547     12.234    33.0614    25.2654    1491.25 0.0000e+00
        565 145.480621     12.280     12.393    11.0045  37.103256     0.7624 4.6528e+01    286.905    102.655     12.280    33.0609    25.2650    1491.25 0.0000e+00
        566 145.480621     12.326     12.440    11.0043  37.102428     0.7118 4.6732e+01    287.987    103.043     12.326    33.0602    25.2645    1491.25 0.0000e+00
        567 145.480637     12.372     12.486    11.0040  37.101147     0.7208 4.6803e+01    289.078    103.435     12.372    33.0593    25.2638    1491.25 0.0000e+00
        568 145.480637     12.418     12.533    11.0032  37.099571     0.6543 4.6926e+01    290.496    103.943     12.418    33.0584    25.2632    1491.25 0.0000e+00
        569 145.480637     12.464     12.579    11.0020  37.097843     0.6593 4.6711e+01    291.458    104.288     12.464    33.0577    25.2629    1491.24 0.0000e+00
        570 145.480637     12.510     12.625    11.0005  37.095989     0.6722 4.6772e+01    292.492    104.659     12.510    33.0572    25.2628    1491.24 0.0000e+00
        571 145.480637     12.555     12.671    10.9987  37.094238     0.6801 4.6762e+01    292.604    104.699     12.555    33.0571    25.2630    1491.23 0.0000e+00
        572 145.480652     12.600     12.716    10.9968  37.093006     0.6970 4.6762e+01    293.088    104.873     12.600    33.0575    25.2637    1491.23 0.0000e+00
        573 145.480652     12.644     12.761    10.9952  37.092358     0.6970 4.6599e+01    293.199    104.913     12.644    33.0583    25.2646    1491.22 0.0000e+00
        574 145.480652     12.688     12.805    10.9940  37.092064     0.8209 4.6467e+01    292.673    104.725     12.688    33.0591    25.2655    1491.22 0.0000e+00
        575 145.480652     12.732     12.850    10.9932  37.091919     0.8279 4.6650e+01    291.974    104.473     12.732    33.0597    25.2660    1491.22 0.0000e+00
        576 145.480652     12.776     12.894    10.9928  37.091892     1.0302 4.6772e+01    291.372    104.257     12.776    33.0600    25.2663    1491.22 0.0000e+00
        577 145.480667     12.820     12.938    10.9925  37.092094     1.0362 4.6691e+01    290.756    104.038     12.820    33.0604    25.2667    1491.22 0.0000e+00
        578 145.480667     12.864     12.983    10.9924  37.092472     0.6989 4.6629e+01    290.542    103.963     12.864    33.0609    25.2671    1491.22 0.0000e+00
