Data_manuscript/Scotland/SBE55/c2.cnv
* Sea-Bird SBE 19plus Data File:
* FileName = C:\Data\sbe55_sbe19p_5215\2023-05-25\0034.hex
* Software Version SeatermAF 2.1.4
* Temperature SN = 5215
* Conductivity SN = 5215
* System UpLoad Time = May 25 2023 13:15:03 (localtime) = May 25 2023 13:15:03 (UTC)
* ds
* SeacatPlus V 1.6b  SERIAL NO. 5215    25 May 2023  13:06:23
# nquan = 15                                
# nvalues = 1311                        
# units = specified
# name 0 = scan: Scan Count
# name 1 = timeJ: Julian Days
# name 2 = depSM: Depth [salt water, m], lat = 56.00
# name 3 = prdM: Pressure, Strain Gauge [db]
# name 4 = tv290C: Temperature [ITS-90, deg C]
# name 5 = c0mS/cm: Conductivity [mS/cm]
# name 6 = flECO-AFL: Fluorescence, WET Labs ECO-AFL/FL [mg/m^3]
# name 7 = par/sat/log: PAR/Logarithmic, Satlantic [umol photons/m^2/sec]
# name 8 = sbeox0Mm/L: Oxygen, SBE 43 [umol/l]
# name 9 = sbeox0PS: Oxygen, SBE 43 [% saturation]
# name 10 = depSM: Depth [salt water, m], lat = 56
# name 11 = sal00: Salinity, Practical [PSU]
# name 12 = sigma-t00: Density [sigma-t, kg/m^3 ]
# name 13 = svCM: Sound Velocity [Chen-Millero, m/s]
# name 14 = flag: flag
# span 0 =          1,       1311       
# span 1 = 145.478989, 145.482788       
# span 2 =      0.097,     19.025       
# span 3 =      0.097,     19.201       
# span 4 =    10.8959,    12.9396       
# span 5 =   0.001224,  38.037861       
# span 6 =    -0.1471,     2.4416       
# span 7 = 1.9840e+01, 2.7380e+03       
# span 8 =    207.035,    341.174       
# span 9 =     75.546,    119.971       
# span 10 =      0.097,     19.025      
# span 11 =     0.0068,    33.1061      
# span 12 =    -0.6082,    25.3192      
# span 13 =    1456.02,    1495.58      
# span 14 = 0.0000e+00, 0.0000e+00      
# interval = seconds: 0.25
# start_time = May 25 2023 11:29:45 [Instrument's time stamp, header]
# bad_flag = -9.990e-29
*END*
[from data line 97]
         98 145.479279      1.050      1.059    12.1028  37.888992     0.0185 1.9456e+03    223.242     81.582      1.050    32.8568    24.9056    1494.63 0.0000e+00
         99 145.479279      1.053      1.063    12.0993  37.895733     0.0185 1.6978e+03    221.130     80.809      1.053    32.8663    24.9137    1494.63 0.0000e+00
        100 145.479279      1.056      1.066    12.0967  37.902977     0.0235 6.8678e+02    219.580     80.243      1.056    32.8756    24.9214    1494.64 0.0000e+00
        101 145.479279      1.059      1.069    12.0946  37.910034     0.0096 2.4581e+03    218.569     79.872      1.059    32.8843    24.9285    1494.64 0.0000e+00
        102 145.479279      1.062      1.071    12.0928  37.916119     0.0166 6.6259e+02    218.078     79.689      1.062    32.8917    24.9346    1494.64 0.0000e+00
        103 145.479294      1.064      1.074    12.0911  37.920403     0.0225 1.0042e+03    217.621     79.519      1.064    32.8974    24.9393    1494.64 0.0000e+00
        104 145.479294      1.067      1.076    12.0894  37.922123     0.0215 9.5617e+02    217.327     79.409      1.067    32.9006    24.9421    1494.64 0.0000e+00
        105 145.479294      1.069      1.079    12.0875  37.920811     0.0195 1.4606e+03    217.516     79.475      1.069    32.9009    24.9427    1494.64 0.0000e+00
        106 145.479294      1.071      1.081    12.0856  37.916313     0.0215 1.2170e+03    217.779     79.569      1.071    32.8983    24.9411    1494.63 0.0000e+00
        107 145.479294      1.073      1.083    12.0834  37.908291     0.0175 1.7948e+03    218.523     79.840      1.073    32.8925    24.9370    1494.61 0.0000e+00
        108 145.479309      1.074      1.084    12.0809  37.896191     0.0215 1.3990e+03    219.465     80.183      1.074    32.8830    24.9300    1494.59 0.0000e+00
        109 145.479309      1.075      1.085    12.0782  37.881241     0.0185 2.2625e+03    220.456     80.544      1.075    32.8709    24.9212    1494.57 0.0000e+00
        110 145.479309      1.076      1.086    12.0752  37.866734     0.0195 1.5447e+03    221.127     80.788      1.076    32.8595    24.9129    1494.54 0.0000e+00
        111 145.479309      1.077      1.087    12.0721  37.854912     0.0205 2.1009e+03    223.185     81.539      1.077    32.8508    24.9068    1494.52 0.0000e+00
        112 145.479309      1.078      1.088    12.0688  37.846096     0.0255 1.4635e+03    224.712     82.097      1.078    32.8452    24.9031    1494.50 0.0000e+00
        113 145.479324      1.079      1.089    12.0651  37.840023     0.0175 1.4104e+03    225.926     82.540      1.079    32.8426    24.9017    1494.49 0.0000e+00
        114 145.479324      1.080      1.090    12.0612  37.836342     0.0195 1.7975e+03    226.944     82.911      1.080    32.8425    24.9023    1494.48 0.0000e+00
        115 145.479324      1.081      1.091    12.0573  37.834652     0.0156 1.3479e+03    227.749     83.204      1.081    32.8442    24.9044    1494.46 0.0000e+00
        116 145.479324      1.082      1.092    12.0538  37.834545     0.0156 1.7509e+03    228.359     83.425      1.082    32.8473    24.9074    1494.46 0.0000e+00
        117 145.479324      1.082      1.092    12.0507  37.835468     0.0175 8.5506e+02    228.840     83.598      1.082    32.8508    24.9108    1494.45 0.0000e+00
        118 145.479324      1.083      1.093    12.0482  37.836582     0.0374 2.7380e+03    229.265     83.751      1.083    32.8542    24.9139    1494.44 0.0000e+00
        119 145.479340      1.083      1.093    12.0460  37.837048     0.0116 1.2385e+03    229.111     83.692      1.083    32.8565    24.9161    1494.44 0.0000e+00
        120 145.479340      1.084      1.094    12.0442  37.836555     0.0106 9.2248e+02    229.253     83.743      1.084    32.8576    24.9173    1494.44 0.0000e+00
        121 145.479340      1.084      1.094    12.0428  37.835297     0.0265 9.7710e+02    229.562     83.853      1.084    32.8577    24.9176    1494.43 0.0000e+00
        122 145.479340      1.085      1.095    12.0416  37.833580     0.0185 1.6473e+03    229.675     83.892      1.085    32.8571    24.9173    1494.43 0.0000e+00
        123 145.479340      1.085      1.095    12.0407  37.831642     0.0245 1.3403e+03    229.765     83.923      1.085    32.8560    24.9167    1494.42 0.0000e+00
        124 145.479355      1.085      1.095    12.0399  37.829735     0.0205 1.2025e+03    229.871     83.959      1.085    32.8548    24.9159    1494.42 0.0000e+00
        125 145.479355      1.085      1.095    12.0393  37.828175     0.0275 1.1433e+03    229.656     83.878      1.085    32.8539    24.9153    1494.41 0.0000e+00
        126 145.479355      1.085      1.095    12.0387  37.827133     0.0156 7.4402e+02    229.517     83.826      1.085    32.8534    24.9150    1494.41 0.0000e+00
        127 145.479355      1.086      1.096    12.0380  37.826508     0.0275 1.2184e+03    229.229     83.720      1.086    32.8534    24.9151    1494.41 0.0000e+00
        128 145.479355      1.086      1.096    12.0375  37.825962     0.0235 9.5513e+02    228.977     83.628      1.086    32.8533    24.9152    1494.41 0.0000e+00
        129 145.479370      1.086      1.096    12.0371  37.825119     0.0265 1.7467e+03    228.585     83.484      1.086    32.8528    24.9149    1494.41 0.0000e+00
        130 145.479370      1.087      1.097    12.0370  37.823914     0.0235 1.3347e+03    228.266     83.365      1.087    32.8517    24.9141    1494.40 0.0000e+00
        131 145.479370      1.087      1.097    12.0369  37.822578     0.0245 1.8526e+03    228.008     83.269      1.087    32.8506    24.9132    1494.40 0.0000e+00
        132 145.479370      1.087      1.097    12.0366  37.821369     0.0185 1.2891e+03    227.683     83.149      1.087    32.8497    24.9125    1494.40 0.0000e+00
        133 145.479370      1.087      1.097    12.0360  37.820404     0.0076 1.2637e+03    227.400     83.043      1.087    32.8493    24.9123    1494.40 0.0000e+00
        134 145.479385      1.087      1.097    12.0351  37.819534     0.0354 1.7873e+03    227.084     82.925      1.087    32.8492    24.9124    1494.39 0.0000e+00
        135 145.479385      1.087      1.097    12.0340  37.818623     0.0175 8.4115e+02    226.777     82.812      1.087    32.8492    24.9127    1494.39 0.0000e+00
        136 145.479385      1.087      1.097    12.0329  37.817707     0.0047 1.5021e+03    226.184     82.594      1.087    32.8493    24.9130    1494.39 0.0000e+00
        137 145.479385      1.087      1.097    12.0318  37.816826     0.0096 1.1693e+03    225.956     82.510      1.087    32.8495    24.9133    1494.38 0.0000e+00
        138 145.479385      1.087      1.097    12.0307  37.815849     0.0166 1.6687e+03    225.414     82.310      1.087    32.8496    24.9135    1494.38 0.0000e+00
        139 145.479385      1.087      1.097    12.0296  37.814663     0.0374 1.2643e+03    225.085     82.186      1.087    32.8494    24.9136    1494.38 0.0000e+00
        140 145.479401      1.087      1.097    12.0284  37.813461     0.0245 1.4224e+03    224.894     82.114      1.087    32.8492    24.9137    1494.37 0.0000e+00
        141 145.479401      1.087      1.097    12.0273  37.812458     0.0265 2.3232e+03    224.531     81.980      1.087    32.8492    24.9139    1494.37 0.0000e+00
        142 145.479401      1.087      1.097    12.0261  37.811691     0.0235 1.6308e+03    224.079     81.815      1.087    32.8495    24.9144    1494.36 0.0000e+00
        143 145.479401      1.088      1.098    12.0250  37.811180     0.0175 1.1073e+03    223.484     81.598      1.088    32.8500    24.9149    1494.36 0.0000e+00
        144 145.479401      1.088      1.098    12.0240  37.810974     0.0294 2.3725e+03    223.061     81.444      1.088    32.8507    24.9156    1494.36 0.0000e+00
        145 145.479416      1.088      1.098    12.0232  37.810905     0.0166 1.5123e+03    222.644     81.292      1.088    32.8514    24.9164    1494.36 0.0000e+00
        146 145.479416      1.088      1.098    12.0224  37.810654     0.0146 1.2380e+03    222.252     81.147      1.088    32.8518    24.9169    1494.35 0.0000e+00
        147 145.479416      1.088      1.098    12.0217  37.809956     0.0185 1.3732e+03    221.824     80.987      1.088    32.8518    24.9170    1494.35 0.0000e+00
        148 145.479416      1.088      1.098    12.0209  37.808842     0.0245 1.2801e+03    221.340     80.808      1.088    32.8513    24.9168    1494.35 0.0000e+00
        149 145.479416      1.087      1.097    12.0201  37.807659     0.0265 1.7575e+03    220.894     80.642      1.087    32.8509    24.9166    1494.34 0.0000e+00
        150 145.479431      1.087      1.097    12.0191  37.806675     0.0215 1.6124e+03    220.375     80.452      1.087    32.8508    24.9167    1494.34 0.0000e+00
        151 145.479431      1.087      1.097    12.0180  37.805859     0.0235 1.3607e+03    219.835     80.255      1.087    32.8510    24.9171    1494.34 0.0000e+00
        152 145.479431      1.087      1.097    12.0169  37.805077     0.0354 1.2552e+03    219.239     80.038      1.087    32.8512    24.9174    1494.33 0.0000e+00
        153 145.479431      1.086      1.096    12.0159  37.804371     0.0314 1.3286e+03    218.464     79.754      1.086    32.8515    24.9178    1494.33 0.0000e+00
        154 145.479431      1.086      1.096    12.0149  37.803753     0.0166 1.3231e+03    217.897     79.546      1.086    32.8517    24.9182    1494.33 0.0000e+00
        155 145.479431      1.086      1.096    12.0139  37.803032     0.0265 1.2022e+03    217.232     79.302      1.086    32.8519    24.9185    1494.32 0.0000e+00
        156 145.479446      1.086      1.096    12.0130  37.802029     0.0245 1.4718e+03    216.853     79.162      1.086    32.8518    24.9186    1494.32 0.0000e+00
        157 145.479446      1.086      1.095    12.0120  37.800877     0.0235 9.7518e+02    216.224     78.932      1.086    32.8515    24.9186    1494.32 0.0000e+00
        158 145.479446      1.086      1.096    12.0111  37.799976     0.0245 1.5113e+03    215.850     78.794      1.086    32.8514    24.9187    1494.31 0.0000e+00
        159 145.479446      1.086      1.096    12.0102  37.799675     0.0017 1.0606e+03    215.364     78.615      1.086    32.8519    24.9192    1494.31 0.0000e+00
        160 145.479446      1.086      1.096    12.0094  37.799988     0.0195 1.5668e+03    214.737     78.384      1.086    32.8529    24.9201    1494.31 0.0000e+00
        161 145.479462      1.087      1.097    12.0087  37.800610     0.0275 1.0441e+03    214.289     78.218      1.087    32.8541    24.9212    1494.31 0.0000e+00
        162 145.479462      1.087      1.097    12.0080  37.801064     0.0294 9.7050e+02    213.719     78.010      1.087    32.8552    24.9222    1494.31 0.0000e+00
        163 145.479462      1.087      1.097    12.0073  37.800877     0.0314 1.2062e+03    213.385     77.887      1.087    32.8556    24.9226    1494.31 0.0000e+00
        164 145.479462      1.087      1.097    12.0066  37.799789     0.0255 2.2160e+03    212.785     77.668      1.087    32.8552    24.9224    1494.30 0.0000e+00
        165 145.479462      1.087      1.097    12.0060  37.798004     0.0146 1.3081e+03    212.419     77.534      1.087    32.8540    24.9217    1494.30 0.0000e+00
        166 145.479477      1.087      1.097    12.0053  37.796085     0.0195 1.8473e+03    212.040     77.395      1.087    32.8528    24.9208    1494.30 0.0000e+00
        167 145.479477      1.087      1.097    12.0047  37.794571     0.0195 1.6712e+03    211.573     77.222      1.087    32.8519    24.9202    1494.29 0.0000e+00
        168 145.479477      1.087      1.097    12.0041  37.793674     0.0195 7.9918e+02    211.116     77.054      1.087    32.8515    24.9200    1494.29 0.0000e+00
        169 145.479477      1.087      1.097    12.0036  37.793213     0.0255 2.0167e+03    210.643     76.882      1.087    32.8514    24.9201    1494.29 0.0000e+00
        170 145.479477      1.087      1.097    12.0032  37.792835     0.0235 9.0193e+02    210.016     76.654      1.087    32.8514    24.9201    1494.29 0.0000e+00
        171 145.479492      1.087      1.097    12.0028  37.792297     0.0116 1.7924e+03    209.419     76.439      1.087    32.8513    24.9201    1494.29 0.0000e+00
        172 145.479492      1.087      1.097    12.0023  37.791573     0.0136 1.0775e+03    208.943     76.267      1.087    32.8510    24.9200    1494.28 0.0000e+00
        173 145.479492      1.087      1.097    12.0018  37.790836     0.0285 1.0516e+03    208.054     75.945      1.087    32.8508    24.9199    1494.28 0.0000e+00
        174 145.479492      1.087      1.097    12.0011  37.790306     0.0225 1.6092e+03    207.290     75.669      1.087    32.8509    24.9201    1494.28 0.0000e+00
        175 145.479492      1.087      1.097    12.0003  37.790031     0.0265 1.5535e+03    207.035     75.546      1.087    32.8514    24.9206    1494.28 0.0000e+00
        176 145.479492      1.087      1.097    11.9992  37.789848    -0.0013 1.1119e+03    207.083     75.555      1.087    32.8521    24.9214    1494.27 0.0000e+00
        177 145.479507      1.087      1.097    11.9981  37.789669     0.0007 1.8550e+03    207.931     75.873      1.087    32.8529    24.9222    1494.27 0.0000e+00
        178 145.479507      1.088      1.098    11.9970  37.789536     0.0304 1.1793e+03    211.851     77.310      1.088    32.8537    24.9231    1494.27 0.0000e+00
        179 145.479507      1.088      1.098    11.9960  37.789570     0.0116 1.1054e+03    221.360     80.785      1.088    32.8546    24.9240    1494.27 0.0000e+00
        180 145.479507      1.088      1.098    11.9952  37.789772     0.0215 1.1713e+03    236.503     86.315      1.088    32.8556    24.9249    1494.26 0.0000e+00
        181 145.479507      1.088      1.098    11.9944  37.789921     0.0195 1.5522e+03    254.892     93.029      1.088    32.8564    24.9256    1494.26 0.0000e+00
        182 145.479523      1.088      1.098    11.9939  37.789715    -0.0102 1.0879e+03    274.478    100.178      1.088    32.8567    24.9259    1494.26 0.0000e+00
        183 145.479523      1.088      1.098    11.9936  37.788887     0.0086 1.4825e+03    293.091    106.977      1.088    32.8561    24.9256    1494.26 0.0000e+00
        184 145.479523      1.088      1.098    11.9935  37.787342     0.0086 1.3571e+03    309.071    112.813      1.088    32.8547    24.9245    1494.26 0.0000e+00
        185 145.479523      1.088      1.098    11.9936  37.785381     0.0265 1.4728e+03    320.408    116.949      1.088    32.8527    24.9229    1494.26 0.0000e+00
        186 145.479523      1.088      1.098    11.9940  37.783466     0.0334 1.8849e+03    326.855    119.297      1.088    32.8505    24.9212    1494.25 0.0000e+00
        187 145.479538      1.089      1.099    11.9946  37.781807     0.0175 1.1920e+03    328.711    119.971      1.089    32.8484    24.9194    1494.25 0.0000e+00
        188 145.479538      1.090      1.100    11.9955  37.780174     0.0156 9.9566e+02    327.460    119.506      1.090    32.8460    24.9174    1494.25 0.0000e+00
        189 145.479538      1.090      1.100    11.9966  37.777966     0.0225 1.4259e+03    325.767    118.878      1.090    32.8429    24.9147    1494.25 0.0000e+00
        190 145.479538      1.091      1.101    11.9980  37.774193     0.0076 1.5566e+03    323.172    117.929      1.091    32.8380    24.9107    1494.25 0.0000e+00
        191 145.479538      1.091      1.101    11.9997  37.767235     0.0027 2.1948e+03    321.241    117.224      1.091    32.8298    24.9040    1494.25 0.0000e+00
        192 145.479553      1.092      1.102    12.0018  37.754463    -0.0023 1.5037e+03    319.227    116.484      1.092    32.8156    24.8926    1494.24 0.0000e+00
