Data_manuscript/Scotland/SBE55/c2.cnv
* Sea-Bird SBE 19plus Data File:
* FileName = C:\Data\sbe55_sbe19p_5215\2023-05-25\0034.hex
* Software Version SeatermAF 2.1.4
* Temperature SN = 5215
* Conductivity SN = 5215
* System UpLoad Time = May 25 2023 13:15:03 (localtime) = May 25 2023 13:15:03 (UTC)
* ds
* SeacatPlus V 1.6b  SERIAL NO. 5215    25 May 2023  13:06:23
# nquan = 15                                
# nvalues = 1311                        
# units = specified
# name 0 = scan: Scan Count
# name 1 = timeJ: Julian Days
# name 2 = depSM: Depth [salt water, m], lat = 56.00
# name 3 = prdM: Pressure, Strain Gauge [db]
# name 4 = tv290C: Temperature [ITS-90, deg C]
# name 5 = c0mS/cm: Conductivity [mS/cm]
# name 6 = flECO-AFL: Fluorescence, WET Labs ECO-AFL/FL [mg/m^3]
# name 7 = par/sat/log: PAR/Logarithmic, Satlantic [umol photons/m^2/sec]
# name 8 = sbeox0Mm/L: Oxygen, SBE 43 [umol/l]
# name 9 = sbeox0PS: Oxygen, SBE 43 [% saturation]
# name 10 = depSM: Depth [salt water, m], lat = 56
# name 11 = sal00: Salinity, Practical [PSU]
# name 12 = sigma-t00: Density [sigma-t, kg/m^3 ]
# name 13 = svCM: Sound Velocity [Chen-Millero, m/s]
# name 14 = flag: flag
# span 0 =          1,       1311       
# span 1 = 145.478989, 145.482788       
# span 2 =      0.097,     19.025       
# span 3 =      0.097,     19.201       
# span 4 =    10.8959,    12.9396       
# span 5 =   0.001224,  38.037861       
# span 6 =    -0.1471,     2.4416       
# span 7 = 1.9840e+01, 2.7380e+03       
# span 8 =    207.035,    341.174       
# span 9 =     75.546,    119.971       
# span 10 =      0.097,     19.025      
# span 11 =     0.0068,    33.1061      
# span 12 =    -0.6082,    25.3192      
# span 13 =    1456.02,    1495.58      
# span 14 = 0.0000e+00, 0.0000e+00      
# interval = seconds: 0.25
# start_time = May 25 2023 11:29:45 [Instrument's time stamp, header]
# bad_flag = -9.990e-29
*END*
[from data line 290]
        291 145.479828      1.070      1.080    12.0573  37.703743     0.0047 2.0789e+03    299.190    109.281      1.070    32.7178    24.8063    1494.31 0.0000e+00
        292 145.479828      1.070      1.080    12.0583  37.703869     0.0066 1.1460e+03    299.049    109.234      1.070    32.7170    24.8055    1494.32 0.0000e+00
        293 145.479843      1.070      1.080    12.0587  37.704098     0.0106 1.9847e+03    299.175    109.285      1.070    32.7169    24.8054    1494.32 0.0000e+00
        294 145.479843      1.070      1.080    12.0589  37.704628     0.0076 1.0035e+03    299.060    109.247      1.070    32.7172    24.8056    1494.32 0.0000e+00
        295 145.479843      1.070      1.079    12.0594  37.705563     0.0056 1.8783e+03    298.958    109.214      1.070    32.7177    24.8058    1494.32 0.0000e+00
        296 145.479843      1.069      1.079    12.0605  37.706715     0.0136 1.7509e+03    298.911    109.199      1.069    32.7179    24.8058    1494.32 0.0000e+00
        297 145.479843      1.069      1.079    12.0621  37.707775    -0.0092 7.4614e+02    298.928    109.176      1.069    32.7175    24.8051    1494.33 0.0000e+00
        298 145.479858      1.069      1.079    12.0640  37.708595     0.0066 8.3382e+02    298.915    109.133      1.069    32.7166    24.8041    1494.33 0.0000e+00
        299 145.479858      1.069      1.079    12.0658  37.709377    -0.0072 1.0779e+03    299.122    109.155      1.069    32.7158    24.8031    1494.34 0.0000e+00
        300 145.479858      1.070      1.080    12.0674  37.710468     0.0076 1.6401e+03    299.057    109.084      1.070    32.7154    24.8026    1494.34 0.0000e+00
        301 145.479858      1.070      1.080    12.0690  37.711872    -0.0013 8.5469e+02    299.363    109.138      1.070    32.7153    24.8022    1494.35 0.0000e+00
        302 145.479858      1.071      1.081    12.0709  37.713108     0.0215 1.3412e+03    299.607    109.175      1.071    32.7149    24.8015    1494.36 0.0000e+00
        303 145.479874      1.073      1.083    12.0730  37.713676     0.0255 1.2046e+03    299.746    109.197      1.073    32.7136    24.8001    1494.36 0.0000e+00
        304 145.479874      1.074      1.084    12.0747  37.713570     0.0086 1.5840e+03    299.786    109.202      1.074    32.7120    24.7986    1494.37 0.0000e+00
        305 145.479874      1.076      1.086    12.0755  37.713001     0.0047 1.4596e+03    299.740    109.186      1.076    32.7107    24.7974    1494.37 0.0000e+00
        306 145.479874      1.079      1.089    12.0754  37.712170     0.0116 1.1066e+03    299.536    109.114      1.079    32.7100    24.7969    1494.37 0.0000e+00
        307 145.479874      1.082      1.092    12.0746  37.711426     0.0027 1.0725e+03    299.265    109.014      1.082    32.7101    24.7971    1494.36 0.0000e+00
        308 145.479889      1.086      1.096    12.0734  37.711109     0.0116 9.8224e+02    299.035    108.927      1.086    32.7108    24.7978    1494.36 0.0000e+00
        309 145.479889      1.091      1.101    12.0726  37.711067     0.0066 1.3202e+03    298.671    108.791      1.091    32.7115    24.7985    1494.36 0.0000e+00
        310 145.479889      1.096      1.106    12.0722  37.710770    -0.0003 1.4094e+03    298.556    108.747      1.096    32.7115    24.7986    1494.36 0.0000e+00
        311 145.479889      1.103      1.113    12.0719  37.709717     0.0037 1.1100e+03    298.405    108.690      1.103    32.7107    24.7981    1494.36 0.0000e+00
        312 145.479889      1.110      1.121    12.0711  37.707401     0.0096 1.3347e+03    298.333    108.658      1.110    32.7092    24.7971    1494.35 0.0000e+00
        313 145.479889      1.120      1.131    12.0687  37.702980     0.0096 9.4660e+02    298.295    108.634      1.120    32.7070    24.7958    1494.34 0.0000e+00
        314 145.479904      1.133      1.144    12.0638  37.695160     0.0037 8.9076e+02    298.600    108.736      1.133    32.7037    24.7942    1494.32 0.0000e+00
        315 145.479904      1.150      1.161    12.0548  37.684624     0.0066 1.1642e+03    298.836    108.817      1.150    32.7015    24.7942    1494.29 0.0000e+00
        316 145.479904      1.171      1.182    12.0409  37.673473     0.0106 1.1410e+03    298.920    108.845      1.171    32.7029    24.7978    1494.24 0.0000e+00
        317 145.479904      1.197      1.208    12.0237  37.661835     0.0146 1.1059e+03    298.894    108.833      1.197    32.7067    24.8040    1494.19 0.0000e+00
        318 145.479904      1.226      1.237    12.0047  37.650314     0.0056 1.1163e+03    299.102    108.908      1.226    32.7122    24.8118    1494.13 0.0000e+00
        319 145.479919      1.258      1.270    11.9852  37.640839     0.0106 2.1254e+03    299.087    108.899      1.258    32.7201    24.8216    1494.07 0.0000e+00
        320 145.479919      1.292      1.304    11.9670  37.634556    -0.0102 1.1178e+03    299.142    108.915      1.292    32.7300    24.8326    1494.02 0.0000e+00
        321 145.479919      1.328      1.340    11.9523  37.631256     0.0037 8.1489e+02    299.148    108.912      1.328    32.7397    24.8429    1493.98 0.0000e+00
        322 145.479919      1.365      1.377    11.9420  37.629692     0.0136 1.3403e+03    298.987    108.847      1.365    32.7472    24.8507    1493.96 0.0000e+00
        323 145.479919      1.403      1.416    11.9356  37.628754     0.0880 1.1480e+03    298.839    108.787      1.403    32.7519    24.8555    1493.94 0.0000e+00
        324 145.479935      1.441      1.454    11.9317  37.627949     0.0840 8.5059e+02    298.708    108.728      1.441    32.7546    24.8583    1493.93 0.0000e+00
        325 145.479935      1.480      1.494    11.9289  37.627216     0.4629 9.5890e+02    298.673    108.706      1.480    32.7564    24.8602    1493.92 0.0000e+00
        326 145.479935      1.519      1.533    11.9265  37.626602     0.4609 1.3500e+03    298.539    108.649      1.519    32.7579    24.8618    1493.92 0.0000e+00
        327 145.479935      1.559      1.573    11.9243  37.626019     0.4976 9.6247e+02    298.637    108.678      1.559    32.7592    24.8633    1493.91 0.0000e+00
        328 145.479935      1.599      1.613    11.9221  37.625290     0.4916 1.2372e+03    298.544    108.639      1.599    32.7604    24.8646    1493.91 0.0000e+00
        329 145.479935      1.639      1.654    11.9199  37.624321     0.4470 6.0668e+02    298.443    108.600      1.639    32.7614    24.8658    1493.90 0.0000e+00
        330 145.479950      1.680      1.695    11.9172  37.623081     0.4559 8.3510e+02    298.425    108.590      1.680    32.7625    24.8672    1493.90 0.0000e+00
        331 145.479950      1.720      1.736    11.9142  37.621883     0.4688 3.7243e+02    298.355    108.561      1.720    32.7640    24.8689    1493.89 0.0000e+00
        332 145.479950      1.761      1.777    11.9110  37.621120     0.4698 5.6741e+02    298.412    108.580      1.761    32.7661    24.8711    1493.88 0.0000e+00
        333 145.479950      1.802      1.819    11.9081  37.620594     0.4708 4.2216e+02    298.107    108.466      1.802    32.7680    24.8731    1493.87 0.0000e+00
        334 145.479950      1.843      1.860    11.9059  37.620026     0.4788 2.7282e+02    298.189    108.489      1.843    32.7694    24.8746    1493.87 0.0000e+00
        335 145.479965      1.884      1.901    11.9040  37.619370     0.5095 2.4158e+02    298.090    108.438      1.884    32.7705    24.8758    1493.86 0.0000e+00
        336 145.479965      1.925      1.943    11.9021  37.618641     0.5045 2.7318e+02    298.312    108.495      1.925    32.7714    24.8768    1493.86 0.0000e+00
        337 145.479965      1.966      1.984    11.9002  37.617825     0.5105 2.2838e+02    298.233    108.442      1.966    32.7723    24.8779    1493.85 0.0000e+00
        338 145.479965      2.008      2.026    11.8979  37.616852     0.5095 2.4606e+02    298.425    108.488      2.008    32.7734    24.8792    1493.85 0.0000e+00
        339 145.479965      2.050      2.069    11.8952  37.615715     0.4738 2.2280e+02    298.350    108.449      2.050    32.7746    24.8807    1493.84 0.0000e+00
        340 145.479980      2.093      2.112    11.8921  37.614368     0.4807 2.0647e+02    298.333    108.435      2.093    32.7760    24.8823    1493.83 0.0000e+00
        341 145.479980      2.137      2.156    11.8887  37.612797     0.4619 2.0068e+02    298.414    108.440      2.137    32.7775    24.8841    1493.82 0.0000e+00
        342 145.479980      2.182      2.202    11.8849  37.611195     0.4986 1.8827e+02    298.481    108.433      2.182    32.7792    24.8861    1493.81 0.0000e+00
        343 145.479980      2.227      2.248    11.8810  37.609684     0.4956 1.8033e+02    298.382    108.374      2.227    32.7811    24.8883    1493.80 0.0000e+00
        344 145.479980      2.273      2.294    11.8773  37.608334     0.5045 1.7554e+02    298.331    108.334      2.273    32.7831    24.8905    1493.79 0.0000e+00
        345 145.479996      2.320      2.341    11.8740  37.607220     0.4986 1.6939e+02    298.371    108.330      2.320    32.7849    24.8926    1493.78 0.0000e+00
        346 145.479996      2.366      2.388    11.8712  37.606220     0.4738 1.6186e+02    298.338    108.298      2.366    32.7864    24.8943    1493.78 0.0000e+00
        347 145.479996      2.413      2.435    11.8687  37.605061     0.4916 1.5801e+02    298.399    108.292      2.413    32.7874    24.8955    1493.77 0.0000e+00
        348 145.479996      2.459      2.482    11.8665  37.603550     0.5343 1.5399e+02    298.304    108.235      2.459    32.7879    24.8963    1493.76 0.0000e+00
        349 145.479996      2.506      2.529    11.8642  37.601688     0.5482 1.4872e+02    298.053    108.133      2.506    32.7881    24.8969    1493.76 0.0000e+00
        350 145.479996      2.552      2.575    11.8616  37.599472     0.4867 1.4856e+02    297.909    108.069      2.552    32.7882    24.8975    1493.75 0.0000e+00
        351 145.480011      2.598      2.621    11.8583  37.596497     0.4877 1.4358e+02    298.028    108.092      2.598    32.7883    24.8981    1493.74 0.0000e+00
        352 145.480011      2.643      2.668    11.8537  37.592339     0.5512 1.4066e+02    297.913    108.006      2.643    32.7882    24.8989    1493.72 0.0000e+00
        353 145.480011      2.689      2.713    11.8475  37.587456     0.5541 1.3977e+02    298.170    108.026      2.689    32.7889    24.9006    1493.70 0.0000e+00
        354 145.480011      2.734      2.759    11.8392  37.582958     0.4986 1.3695e+02    298.229    107.973      2.734    32.7918    24.9044    1493.68 0.0000e+00
        355 145.480011      2.779      2.805    11.8297  37.579395     0.4976 1.3449e+02    298.430    107.971      2.779    32.7968    24.9100    1493.65 0.0000e+00
        356 145.480026      2.825      2.851    11.8197  37.576508     0.5521 1.3288e+02    298.971    108.069      2.825    32.8027    24.9165    1493.63 0.0000e+00
        357 145.480026      2.870      2.896    11.8102  37.573647     0.5462 1.3169e+02    299.271    108.066      2.870    32.8084    24.9226    1493.60 0.0000e+00
        358 145.480026      2.915      2.942    11.8004  37.570427     0.5313 1.2828e+02    299.631    108.100      2.915    32.8138    24.9287    1493.57 0.0000e+00
        359 145.480026      2.960      2.987    11.7894  37.566990     0.5343 1.2658e+02    299.594    108.022      2.960    32.8202    24.9356    1493.55 0.0000e+00
        360 145.480026      3.005      3.033    11.7776  37.563385     0.5303 1.2658e+02    299.747    108.018      3.005    32.8271    24.9432    1493.51 0.0000e+00
        361 145.480042      3.049      3.077    11.7657  37.559559     0.5353 1.2336e+02    299.520    107.886      3.049    32.8339    24.9507    1493.48 0.0000e+00
        362 145.480042      3.093      3.122    11.7540  37.555553     0.5640 1.2274e+02    299.378    107.800      3.093    32.8403    24.9578    1493.45 0.0000e+00
        363 145.480042      3.137      3.166    11.7426  37.551254     0.5571 1.2170e+02    298.963    107.632      3.137    32.8461    24.9644    1493.42 0.0000e+00
        364 145.480042      3.180      3.210    11.7311  37.546558     0.5402 1.1906e+02    298.658    107.507      3.180    32.8518    24.9709    1493.39 0.0000e+00
        365 145.480042      3.224      3.254    11.7191  37.541679     0.5313 1.1782e+02    298.229    107.337      3.224    32.8576    24.9776    1493.35 0.0000e+00
        366 145.480057      3.268      3.298    11.7072  37.536301     0.5264 1.1821e+02    297.976    107.232      3.268    32.8629    24.9840    1493.32 0.0000e+00
        367 145.480057      3.312      3.343    11.6953  37.529335     0.5740 1.1588e+02    298.075    107.257      3.312    32.8666    24.9890    1493.28 0.0000e+00
        368 145.480057      3.357      3.388    11.6824  37.519497     0.5829 1.1414e+02    297.980    107.213      3.357    32.8685    24.9929    1493.24 0.0000e+00
        369 145.480057      3.402      3.433    11.6664  37.505489     0.5571 1.1352e+02    298.061    107.232      3.402    32.8689    24.9962    1493.19 0.0000e+00
        370 145.480057      3.447      3.479    11.6455  37.487381     0.5640 1.1160e+02    298.039    107.214      3.447    32.8697    25.0006    1493.11 0.0000e+00
        371 145.480057      3.492      3.524    11.6188  37.467003     0.5591 1.0887e+02    298.224    107.272      3.492    32.8736    25.0085    1493.03 0.0000e+00
        372 145.480072      3.537      3.570    11.5872  37.444965     0.5640 1.0861e+02    298.365    107.317      3.537    32.8800    25.0193    1492.93 0.0000e+00
        373 145.480072      3.583      3.616    11.5524  37.420422     0.5442 1.0622e+02    298.350    107.310      3.583    32.8869    25.0310    1492.81 0.0000e+00
        374 145.480072      3.629      3.662    11.5147  37.394897     0.5432 1.0360e+02    298.456    107.347      3.629    32.8954    25.0445    1492.69 0.0000e+00
        375 145.480072      3.674      3.708    11.4752  37.371761     0.6107 1.0270e+02    298.465    107.349      3.674    32.9079    25.0614    1492.57 0.0000e+00
        376 145.480072      3.720      3.755    11.4370  37.352383     0.6255 1.0125e+02    298.488    107.355      3.720    32.9229    25.0800    1492.46 0.0000e+00
        377 145.480087      3.766      3.801    11.4030  37.335690     0.6503 9.9558e+01    298.413    107.323      3.766    32.9368    25.0969    1492.36 0.0000e+00
        378 145.480087      3.812      3.847    11.3739  37.321342     0.6295 9.8433e+01    298.417    107.320      3.812    32.9486    25.1114    1492.27 0.0000e+00
        379 145.480087      3.858      3.894    11.3493  37.310463     0.6037 9.7767e+01    298.250    107.255      3.858    32.9599    25.1246    1492.20 0.0000e+00
        380 145.480087      3.904      3.940    11.3293  37.302685     0.6087 9.5925e+01    298.318    107.274      3.904    32.9701    25.1362    1492.14 0.0000e+00
        381 145.480087      3.949      3.985    11.3139  37.296349     0.6285 9.4861e+01    298.218    107.232      3.949    32.9776    25.1448    1492.10 0.0000e+00
        382 145.480103      3.994      4.031    11.3020  37.290894     0.6325 9.3931e+01    298.086    107.175      3.994    32.9829    25.1510    1492.06 0.0000e+00
        383 145.480103      4.039      4.076    11.2923  37.286404     0.6305 9.2930e+01    298.105    107.171      4.039    32.9871    25.1561    1492.04 0.0000e+00
        384 145.480103      4.084      4.122    11.2842  37.282669     0.6275 9.1458e+01    298.216    107.198      4.084    32.9906    25.1603    1492.01 0.0000e+00
        385 145.480103      4.129      4.167    11.2775  37.279419     0.6037 9.0662e+01    298.247    107.195      4.129    32.9934    25.1637    1491.99 0.0000e+00
