Data_manuscript/Scotland/SBE55/c2.cnv
* Sea-Bird SBE 19plus Data File:
* FileName = C:\Data\sbe55_sbe19p_5215\2023-05-25\0034.hex
* Software Version SeatermAF 2.1.4
* Temperature SN = 5215
* Conductivity SN = 5215
* System UpLoad Time = May 25 2023 13:15:03 (localtime) = May 25 2023 13:15:03 (UTC)
* ds
* SeacatPlus V 1.6b  SERIAL NO. 5215    25 May 2023  13:06:23
# nquan = 15                                
# nvalues = 1311                        
# units = specified
# name 0 = scan: Scan Count
# name 1 = timeJ: Julian Days
# name 2 = depSM: Depth [salt water, m], lat = 56.00
# name 3 = prdM: Pressure, Strain Gauge [db]
# name 4 = tv290C: Temperature [ITS-90, deg C]
# name 5 = c0mS/cm: Conductivity [mS/cm]
# name 6 = flECO-AFL: Fluorescence, WET Labs ECO-AFL/FL [mg/m^3]
# name 7 = par/sat/log: PAR/Logarithmic, Satlantic [umol photons/m^2/sec]
# name 8 = sbeox0Mm/L: Oxygen, SBE 43 [umol/l]
# name 9 = sbeox0PS: Oxygen, SBE 43 [% saturation]
# name 10 = depSM: Depth [salt water, m], lat = 56
# name 11 = sal00: Salinity, Practical [PSU]
# name 12 = sigma-t00: Density [sigma-t, kg/m^3 ]
# name 13 = svCM: Sound Velocity [Chen-Millero, m/s]
# name 14 = flag: flag
# span 0 =          1,       1311       
# span 1 = 145.478989, 145.482788       
# span 2 =      0.097,     19.025       
# span 3 =      0.097,     19.201       
# span 4 =    10.8959,    12.9396       
# span 5 =   0.001224,  38.037861       
# span 6 =    -0.1471,     2.4416       
# span 7 = 1.9840e+01, 2.7380e+03       
# span 8 =    207.035,    341.174       
# span 9 =     75.546,    119.971       
# span 10 =      0.097,     19.025      
# span 11 =     0.0068,    33.1061      
# span 12 =    -0.6082,    25.3192      
# span 13 =    1456.02,    1495.58      
# span 14 = 0.0000e+00, 0.0000e+00      
# interval = seconds: 0.25
# start_time = May 25 2023 11:29:45 [Instrument's time stamp, header]
# bad_flag = -9.990e-29
*END*
[from data line 675]
        676 145.480942     17.073     17.231    10.9392  37.070427     0.8219 2.7143e+01    290.432    103.796     17.073    33.0852    25.2954    1491.13 0.0000e+00
        677 145.480942     17.112     17.270    10.9390  37.070293     0.7971 2.7054e+01    290.268    103.735     17.112    33.0851    25.2954    1491.13 0.0000e+00
        678 145.480957     17.151     17.309    10.9388  37.069973     0.8001 2.6895e+01    290.088    103.668     17.151    33.0850    25.2954    1491.13 0.0000e+00
        679 145.480957     17.190     17.349    10.9383  37.069466     0.6345 2.6661e+01    289.784    103.556     17.190    33.0849    25.2954    1491.13 0.0000e+00
        680 145.480957     17.229     17.388    10.9376  37.068924     0.6444 2.6423e+01    289.645    103.503     17.229    33.0850    25.2956    1491.13 0.0000e+00
        681 145.480957     17.268     17.427    10.9367  37.068462     0.7505 2.6313e+01    289.974    103.619     17.268    33.0853    25.2960    1491.13 0.0000e+00
        682 145.480957     17.307     17.467    10.9357  37.068027     0.7575 2.6158e+01    290.042    103.641     17.307    33.0858    25.2965    1491.13 0.0000e+00
        683 145.480972     17.346     17.506    10.9348  37.067665     0.6533 2.5976e+01    290.273    103.722     17.346    33.0862    25.2970    1491.12 0.0000e+00
        684 145.480972     17.386     17.546    10.9340  37.067394     0.6622 2.5851e+01    290.686    103.868     17.386    33.0866    25.2975    1491.12 0.0000e+00
        685 145.480972     17.425     17.586    10.9333  37.067142     0.6860 2.5755e+01    290.980    103.974     17.425    33.0870    25.2979    1491.12 0.0000e+00
        686 145.480972     17.464     17.625    10.9327  37.066940     0.6890 2.5497e+01    291.187    104.049     17.464    33.0874    25.2983    1491.12 0.0000e+00
        687 145.480972     17.503     17.665    10.9321  37.066849     0.7892 2.5414e+01    291.255    104.073     17.503    33.0877    25.2987    1491.12 0.0000e+00
        688 145.480988     17.543     17.705    10.9317  37.066841     0.8090 2.5331e+01    291.366    104.112     17.543    33.0881    25.2990    1491.12 0.0000e+00
        689 145.480988     17.582     17.744    10.9314  37.066902     0.5829 2.5022e+01    291.430    104.132     17.582    33.0884    25.2993    1491.12 0.0000e+00
        690 145.480988     17.621     17.784    10.9312  37.066940     0.5740 2.4788e+01    291.513    104.160     17.621    33.0886    25.2995    1491.12 0.0000e+00
        691 145.480988     17.661     17.824    10.9310  37.066875     0.8140 2.4610e+01    291.197    104.043     17.661    33.0887    25.2996    1491.12 0.0000e+00
        692 145.480988     17.702     17.865    10.9308  37.066689     0.8140 2.4529e+01    291.319    104.083     17.702    33.0887    25.2997    1491.12 0.0000e+00
        693 145.481003     17.743     17.906    10.9304  37.066372     0.8973 2.4353e+01    291.059    103.988     17.743    33.0887    25.2997    1491.12 0.0000e+00
        694 145.481003     17.784     17.948    10.9299  37.065891     1.0193 2.4125e+01    291.310    104.072     17.784    33.0887    25.2998    1491.12 0.0000e+00
        695 145.481003     17.825     17.989    10.9291  37.065262     1.0094 2.3946e+01    291.175    104.018     17.825    33.0888    25.3000    1491.11 0.0000e+00
        696 145.481003     17.866     18.030    10.9281  37.064587     0.5769 2.3789e+01    291.232    104.033     17.866    33.0890    25.3004    1491.11 0.0000e+00
        697 145.481003     17.906     18.071    10.9269  37.064037     0.5750 2.3639e+01    291.127    103.992     17.906    33.0895    25.3010    1491.11 0.0000e+00
        698 145.481003     17.946     18.112    10.9256  37.063637     0.5561 2.3469e+01    290.919    103.916     17.946    33.0902    25.3018    1491.11 0.0000e+00
        699 145.481018     17.986     18.152    10.9245  37.063324     0.5531 2.3310e+01    290.823    103.880     17.986    33.0909    25.3025    1491.10 0.0000e+00
        700 145.481018     18.025     18.191    10.9236  37.063118     0.7604 2.3143e+01    291.067    103.965     18.025    33.0916    25.3032    1491.10 0.0000e+00
        701 145.481018     18.063     18.230    10.9228  37.063015     0.7674 2.3012e+01    290.853    103.886     18.063    33.0922    25.3038    1491.10 0.0000e+00
        702 145.481018     18.101     18.268    10.9222  37.062984     0.5869 2.2831e+01    290.663    103.816     18.101    33.0927    25.3043    1491.10 0.0000e+00
        703 145.481018     18.137     18.305    10.9217  37.062981     0.5859 2.2682e+01    290.863    103.887     18.137    33.0930    25.3046    1491.10 0.0000e+00
        704 145.481033     18.172     18.340    10.9214  37.062885     0.7049 2.2642e+01    290.711    103.832     18.172    33.0933    25.3049    1491.10 0.0000e+00
        705 145.481033     18.206     18.374    10.9209  37.062618     0.6999 2.2563e+01    290.564    103.779     18.206    33.0934    25.3050    1491.10 0.0000e+00
        706 145.481033     18.238     18.407    10.9203  37.062141     0.7376 2.2450e+01    290.699    103.826     18.238    33.0934    25.3052    1491.10 0.0000e+00
        707 145.481033     18.270     18.439    10.9194  37.061455     0.7257 2.2362e+01    290.669    103.816     18.270    33.0935    25.3054    1491.09 0.0000e+00
        708 145.481033     18.300     18.469    10.9183  37.060635     0.7803 2.2293e+01    290.666    103.814     18.300    33.0938    25.3058    1491.09 0.0000e+00
        709 145.481049     18.330     18.499    10.9168  37.059776     0.7872 2.2118e+01    291.041    103.947     18.330    33.0942    25.3064    1491.09 0.0000e+00
        710 145.481049     18.359     18.528    10.9152  37.058907     0.6285 2.1998e+01    291.712    104.186     18.359    33.0948    25.3071    1491.08 0.0000e+00
        711 145.481049     18.388     18.557    10.9134  37.057884     0.6246 2.1964e+01    291.845    104.233     18.388    33.0953    25.3079    1491.08 0.0000e+00
        712 145.481049     18.416     18.586    10.9115  37.056709     1.0024 2.1806e+01    292.113    104.328     18.416    33.0959    25.3087    1491.07 0.0000e+00
        713 145.481049     18.444     18.615    10.9094  37.055683     1.0104 2.1626e+01    292.421    104.438     18.444    33.0968    25.3097    1491.06 0.0000e+00
        714 145.481049     18.473     18.644    10.9073  37.054920     0.6117 2.1607e+01    292.610    104.506     18.473    33.0979    25.3110    1491.06 0.0000e+00
        715 145.481064     18.502     18.672    10.9055  37.054291     0.6047 2.1550e+01    292.537    104.479     18.502    33.0989    25.3121    1491.05 0.0000e+00
        716 145.481064     18.530     18.701    10.9040  37.053738     0.5849 2.1489e+01    292.498    104.467     18.530    33.0997    25.3130    1491.05 0.0000e+00
        717 145.481064     18.558     18.729    10.9027  37.053211     0.5958 2.1372e+01    292.470    104.460     18.558    33.1003    25.3137    1491.05 0.0000e+00
        718 145.481064     18.586     18.758    10.9016  37.052692     0.6077 2.1158e+01    292.360    104.425     18.586    33.1008    25.3143    1491.04 0.0000e+00
        719 145.481064     18.614     18.786    10.9005  37.052307     0.5968 2.1149e+01    292.398    104.440     18.614    33.1014    25.3149    1491.04 0.0000e+00
        720 145.481079     18.642     18.814    10.8996  37.052059     0.5908 2.1070e+01    292.164    104.358     18.642    33.1019    25.3155    1491.04 0.0000e+00
        721 145.481079     18.669     18.841    10.8989  37.051891     0.6960 2.0973e+01    292.174    104.361     18.669    33.1024    25.3160    1491.04 0.0000e+00
        722 145.481079     18.696     18.869    10.8983  37.051792     0.6890 2.0868e+01    292.062    104.321     18.696    33.1028    25.3164    1491.04 0.0000e+00
        723 145.481079     18.724     18.897    10.8979  37.051682     0.8656 2.0827e+01    292.254    104.389     18.724    33.1031    25.3167    1491.04 0.0000e+00
        724 145.481079     18.751     18.924    10.8975  37.051514     0.8745 2.0723e+01    292.029    104.308     18.751    33.1032    25.3168    1491.04 0.0000e+00
        725 145.481094     18.778     18.951    10.8972  37.051346     0.6573 2.0601e+01    291.596    104.153     18.778    33.1033    25.3169    1491.04 0.0000e+00
        726 145.481094     18.805     18.978    10.8969  37.051250     0.6583 2.0547e+01    291.361    104.069     18.805    33.1035    25.3171    1491.03 0.0000e+00
        727 145.481094     18.831     19.005    10.8966  37.051235     0.6801 2.0435e+01    291.235    104.024     18.831    33.1037    25.3174    1491.03 0.0000e+00
        728 145.481094     18.858     19.032    10.8963  37.051247     0.6831 2.0381e+01    291.167    104.001     18.858    33.1040    25.3176    1491.03 0.0000e+00
        729 145.481094     18.884     19.058    10.8961  37.051277     0.5680 2.0314e+01    290.948    103.925     18.884    33.1042    25.3179    1491.03 0.0000e+00
        730 145.481110     18.909     19.084    10.8959  37.051388     0.5660 2.0221e+01    290.886    103.904     18.909    33.1045    25.3181    1491.03 0.0000e+00
        731 145.481110     18.933     19.108    10.8959  37.051609     0.5710 2.0036e+01    290.775    103.865     18.933    33.1047    25.3183    1491.03 0.0000e+00
        732 145.481110     18.955     19.130    10.8959  37.051979     0.5680 1.9993e+01    290.807    103.876     18.955    33.1050    25.3185    1491.04 0.0000e+00
        733 145.481110     18.974     19.150    10.8961  37.052601     0.7515 1.9918e+01    290.850    103.892     18.974    33.1055    25.3189    1491.04 0.0000e+00
        734 145.481110     18.991     19.166    10.8965  37.053467     0.7594 1.9866e+01    291.148    104.000     18.991    33.1060    25.3192    1491.04 0.0000e+00
        735 145.481110     19.004     19.179    10.8972  37.054276     0.4946 1.9879e+01    291.241    104.034     19.004    33.1061    25.3192    1491.04 0.0000e+00
        736 145.481125     19.014     19.189    10.8982  37.054749     0.4976 1.9884e+01    291.310    104.059     19.014    33.1058    25.3187    1491.05 0.0000e+00
        737 145.481125     19.020     19.196    10.8991  37.054970     0.5115 1.9927e+01    291.359    104.077     19.020    33.1051    25.3181    1491.05 0.0000e+00
        738 145.481125     19.024     19.199    10.8997  37.055065     0.5164 1.9936e+01    291.473    104.116     19.024    33.1046    25.3175    1491.05 0.0000e+00
        739 145.481125     19.025     19.201    10.9001  37.055054     0.5035 1.9931e+01    291.461    104.111     19.025    33.1043    25.3172    1491.05 0.0000e+00
        740 145.481125     19.024     19.199    10.9003  37.054981     0.5472 1.9875e+01    291.430    104.100     19.024    33.1041    25.3170    1491.05 0.0000e+00
        741 145.481140     19.020     19.195    10.9003  37.054939     0.5482 1.9840e+01    291.447    104.106     19.020    33.1040    25.3170    1491.05 0.0000e+00
        742 145.481140     19.013     19.189    10.9002  37.055004     0.5601 1.9944e+01    291.375    104.080     19.013    33.1041    25.3171    1491.05 0.0000e+00
        743 145.481140     19.003     19.178    10.9001  37.055210     0.5581 1.9979e+01    291.198    104.018     19.003    33.1044    25.3173    1491.05 0.0000e+00
        744 145.481140     18.989     19.164    10.9001  37.055595     0.4976 2.0111e+01    291.407    104.093     18.989    33.1049    25.3177    1491.05 0.0000e+00
        745 145.481140     18.971     19.146    10.9002  37.056114     0.4976 2.0226e+01    291.306    104.058     18.971    33.1053    25.3180    1491.05 0.0000e+00
        746 145.481155     18.950     19.125    10.9005  37.056599     0.4897 2.0453e+01    291.205    104.022     18.950    33.1055    25.3181    1491.05 0.0000e+00
        747 145.481155     18.926     19.101    10.9009  37.056911     0.4778 2.0515e+01    291.202    104.023     18.926    33.1054    25.3179    1491.05 0.0000e+00
        748 145.481155     18.901     19.076    10.9015  37.057037     0.5353 2.0632e+01    290.772    103.870     18.901    33.1051    25.3176    1491.05 0.0000e+00
        749 145.481155     18.874     19.049    10.9019  37.057064     0.5264 2.0668e+01    290.631    103.820     18.874    33.1048    25.3173    1491.05 0.0000e+00
        750 145.481155     18.847     19.021    10.9022  37.057129     0.8646 2.0745e+01    290.499    103.774     18.847    33.1045    25.3170    1491.06 0.0000e+00
        751 145.481171     18.819     18.992    10.9025  37.057255     0.8596 2.0827e+01    290.641    103.827     18.819    33.1044    25.3169    1491.06 0.0000e+00
        752 145.481171     18.790     18.963    10.9028  37.057343     0.6176 2.0946e+01    290.247    103.688     18.790    33.1042    25.3167    1491.06 0.0000e+00
        753 145.481171     18.761     18.934    10.9031  37.057354     0.6305 2.1061e+01    290.596    103.813     18.761    33.1040    25.3164    1491.06 0.0000e+00
        754 145.481171     18.731     18.904    10.9033  37.057278     0.5323 2.1149e+01    290.846    103.903     18.731    33.1037    25.3162    1491.06 0.0000e+00
        755 145.481171     18.701     18.873    10.9034  37.057102     0.5234 2.1320e+01    291.135    104.007     18.701    33.1035    25.3160    1491.06 0.0000e+00
        756 145.481171     18.670     18.842    10.9034  37.056942     0.5184 2.1414e+01    291.262    104.054     18.670    33.1034    25.3159    1491.06 0.0000e+00
        757 145.481186     18.639     18.811    10.9033  37.056896     0.5234 2.1508e+01    291.480    104.133     18.639    33.1034    25.3160    1491.05 0.0000e+00
        758 145.481186     18.607     18.779    10.9032  37.056904     0.4827 2.1649e+01    291.413    104.109     18.607    33.1035    25.3161    1491.05 0.0000e+00
        759 145.481186     18.576     18.747    10.9032  37.056953     0.4897 2.1758e+01    291.523    104.149     18.576    33.1036    25.3161    1491.05 0.0000e+00
        760 145.481186     18.544     18.715    10.9033  37.057079     0.4599 2.1849e+01    291.545    104.157     18.544    33.1036    25.3161    1491.05 0.0000e+00
        761 145.481186     18.512     18.682    10.9035  37.057255     0.5006 2.1945e+01    291.485    104.136     18.512    33.1036    25.3161    1491.05 0.0000e+00
        762 145.481201     18.479     18.650    10.9038  37.057453     0.5016 2.2099e+01    291.516    104.148     18.479    33.1036    25.3160    1491.05 0.0000e+00
        763 145.481201     18.447     18.617    10.9042  37.057632     0.5492 2.2128e+01    291.377    104.099     18.447    33.1035    25.3158    1491.05 0.0000e+00
        764 145.481201     18.414     18.584    10.9046  37.057812     0.5462 2.2167e+01    291.560    104.166     18.414    33.1033    25.3156    1491.05 0.0000e+00
        765 145.481201     18.382     18.551    10.9050  37.057968     0.5363 2.2322e+01    291.343    104.090     18.382    33.1030    25.3154    1491.06 0.0000e+00
        766 145.481201     18.349     18.518    10.9055  37.058151     0.5293 2.2504e+01    291.640    104.197     18.349    33.1028    25.3151    1491.06 0.0000e+00
        767 145.481216     18.315     18.484    10.9061  37.058445     0.5581 2.2568e+01    291.756    104.240     18.315    33.1026    25.3148    1491.06 0.0000e+00
        768 145.481216     18.282     18.450    10.9066  37.058872     0.5740 2.2736e+01    291.899    104.291     18.282    33.1025    25.3147    1491.06 0.0000e+00
        769 145.481216     18.248     18.416    10.9072  37.059319     0.5492 2.2811e+01    291.919    104.299     18.248    33.1024    25.3145    1491.06 0.0000e+00
        770 145.481216     18.213     18.381    10.9079  37.059639     0.5452 2.2941e+01    292.212    104.405     18.213    33.1022    25.3142    1491.06 0.0000e+00
        771 145.481216     18.179     18.347    10.9084  37.059853     0.5918 2.3042e+01    292.380    104.467     18.179    33.1019    25.3139    1491.06 0.0000e+00
