Data_manuscript/Scotland/SBE55/c4.cnv
* Sea-Bird SBE 19plus Data File:
* FileName = C:\Data\sbe55_sbe19p_5215\2023-05-25\0036.hex
* Software Version SeatermAF 2.1.4
* Temperature SN = 5215
* Conductivity SN = 5215
* System UpLoad Time = May 25 2023 13:18:01 (localtime) = May 25 2023 13:18:01 (UTC)
* ds
* SeacatPlus V 1.6b  SERIAL NO. 5215    25 May 2023  13:06:23
# nquan = 15                                
# nvalues = 1121                        
# units = specified
# name 0 = scan: Scan Count
# name 1 = timeJ: Julian Days
# name 2 = depSM: Depth [salt water, m], lat = 56.00
# name 3 = prdM: Pressure, Strain Gauge [db]
# name 4 = tv290C: Temperature [ITS-90, deg C]
# name 5 = c0mS/cm: Conductivity [mS/cm]
# name 6 = flECO-AFL: Fluorescence, WET Labs ECO-AFL/FL [mg/m^3]
# name 7 = par/sat/log: PAR/Logarithmic, Satlantic [umol photons/m^2/sec]
# name 8 = sbeox0Mm/L: Oxygen, SBE 43 [umol/l]
# name 9 = sbeox0PS: Oxygen, SBE 43 [% saturation]
# name 10 = depSM: Depth [salt water, m], lat = 56
# name 11 = sal00: Salinity, Practical [PSU]
# name 12 = sigma-t00: Density [sigma-t, kg/m^3 ]
# name 13 = svCM: Sound Velocity [Chen-Millero, m/s]
# name 14 = flag: flag
# span 0 =          1,       1121       
# span 1 = 145.507111, 145.510361       
# span 2 =      0.119,     16.323       
# span 3 =      0.120,     16.474       
# span 4 =    10.9226,    13.3151       
# span 5 =   0.001165,  38.060169       
# span 6 =    -0.0390,     2.0984       
# span 7 = 2.8681e+01, 3.2225e+03       
# span 8 =    203.292,    345.335       
# span 9 =     74.839,    121.248       
# span 10 =      0.119,     16.323      
# span 11 =     0.0070,    33.0999      
# span 12 =    -0.6562,    25.3091      
# span 13 =    1456.91,    1495.78      
# span 14 = 0.0000e+00, 0.0000e+00      
# interval = seconds: 0.25
# start_time = May 25 2023 12:10:15 [Instrument's time stamp, header]
# bad_flag = -9.990e-29
*END*
[from data line 675]
        676 145.509064     13.158     13.279    10.9494  37.075470     0.8735 5.9573e+01    288.093    102.968     13.158    33.0826    25.2916    1491.10 0.0000e+00
        677 145.509079     13.200     13.322    10.9485  37.074955     1.1919 5.9287e+01    288.187    103.002     13.200    33.0829    25.2920    1491.10 0.0000e+00
        678 145.509079     13.243     13.365    10.9476  37.074371     1.1859 5.8539e+01    288.270    103.030     13.243    33.0831    25.2923    1491.10 0.0000e+00
        679 145.509079     13.285     13.407    10.9467  37.073803     0.7783 5.7890e+01    288.152    102.985     13.285    33.0834    25.2927    1491.09 0.0000e+00
        680 145.509079     13.327     13.450    10.9456  37.073372     0.7674 5.7486e+01    288.422    103.081     13.327    33.0839    25.2933    1491.09 0.0000e+00
        681 145.509079     13.369     13.492    10.9446  37.073074     0.7684 5.7210e+01    288.398    103.071     13.369    33.0845    25.2939    1491.09 0.0000e+00
        682 145.509094     13.410     13.533    10.9437  37.072811     0.7723 5.6440e+01    288.050    102.947     13.410    33.0850    25.2945    1491.09 0.0000e+00
        683 145.509094     13.451     13.575    10.9429  37.072544     0.8795 5.5936e+01    287.885    102.889     13.451    33.0855    25.2950    1491.09 0.0000e+00
        684 145.509094     13.491     13.616    10.9422  37.072315     0.8844 5.5279e+01    287.745    102.839     13.491    33.0858    25.2954    1491.08 0.0000e+00
        685 145.509094     13.532     13.656    10.9416  37.072163     0.8755 5.4810e+01    287.613    102.789     13.532    33.0862    25.2958    1491.08 0.0000e+00
        686 145.509094     13.572     13.697    10.9410  37.072044     0.8695 5.4392e+01    287.298    102.674     13.572    33.0866    25.2962    1491.08 0.0000e+00
        687 145.509109     13.612     13.737    10.9404  37.071873     0.8150 5.3918e+01    287.334    102.685     13.612    33.0869    25.2966    1491.08 0.0000e+00
        688 145.509109     13.652     13.778    10.9397  37.071590     0.8229 5.3565e+01    287.076    102.591     13.652    33.0873    25.2970    1491.08 0.0000e+00
        689 145.509109     13.692     13.818    10.9389  37.071255     1.0659 5.3099e+01    287.149    102.616     13.692    33.0877    25.2975    1491.08 0.0000e+00
        690 145.509109     13.731     13.858    10.9379  37.070938     1.0669 5.2533e+01    287.376    102.696     13.731    33.0883    25.2981    1491.08 0.0000e+00
        691 145.509109     13.771     13.897    10.9370  37.070583     0.8586 5.2075e+01    287.244    102.648     13.771    33.0888    25.2986    1491.07 0.0000e+00
        692 145.509125     13.810     13.937    10.9361  37.070221     0.8576 5.1542e+01    287.119    102.604     13.810    33.0892    25.2991    1491.07 0.0000e+00
        693 145.509125     13.849     13.976    10.9352  37.069962     0.6761 5.0960e+01    287.107    102.600     13.849    33.0896    25.2996    1491.07 0.0000e+00
        694 145.509125     13.888     14.016    10.9345  37.069691     0.6761 5.0560e+01    287.126    102.607     13.888    33.0900    25.3000    1491.07 0.0000e+00
        695 145.509125     13.928     14.056    10.9338  37.069336     0.8685 5.0240e+01    286.900    102.527     13.928    33.0903    25.3003    1491.07 0.0000e+00
        696 145.509125     13.967     14.096    10.9331  37.069046     0.8745 4.9726e+01    286.716    102.461     13.967    33.0906    25.3007    1491.07 0.0000e+00
        697 145.509125     14.008     14.137    10.9324  37.068947     0.6553 4.9531e+01    286.507    102.386     14.008    33.0911    25.3012    1491.07 0.0000e+00
        698 145.509140     14.048     14.178    10.9318  37.068993     0.6573 4.9110e+01    286.105    102.241     14.048    33.0917    25.3018    1491.06 0.0000e+00
        699 145.509140     14.089     14.218    10.9313  37.069126     0.6374 4.8566e+01    285.924    102.176     14.089    33.0923    25.3024    1491.06 0.0000e+00
        700 145.509140     14.129     14.259    10.9308  37.069283     0.7872 4.8185e+01    285.614    102.064     14.129    33.0928    25.3029    1491.06 0.0000e+00
        701 145.509140     14.170     14.301    10.9305  37.069210     0.7842 4.7734e+01    285.449    102.005     14.170    33.0931    25.3031    1491.06 0.0000e+00
        702 145.509140     14.211     14.342    10.9301  37.068745     0.8963 4.7339e+01    285.203    101.918     14.211    33.0929    25.3031    1491.06 0.0000e+00
        703 145.509155     14.252     14.383    10.9295  37.068146     0.8904 4.6936e+01    285.271    101.943     14.252    33.0929    25.3031    1491.06 0.0000e+00
        704 145.509155     14.293     14.425    10.9287  37.067665     0.6989 4.6467e+01    285.054    101.865     14.293    33.0931    25.3034    1491.06 0.0000e+00
        705 145.509155     14.335     14.467    10.9279  37.067295     0.7019 4.6203e+01    284.860    101.796     14.335    33.0934    25.3038    1491.06 0.0000e+00
        706 145.509155     14.377     14.509    10.9272  37.067009     0.8318 4.5811e+01    284.914    101.815     14.377    33.0938    25.3042    1491.06 0.0000e+00
        707 145.509155     14.419     14.552    10.9266  37.066830     0.8269 4.5402e+01    284.882    101.803     14.419    33.0941    25.3046    1491.05 0.0000e+00
        708 145.509171     14.461     14.594    10.9261  37.066719     0.8527 4.4829e+01    284.906    101.810     14.461    33.0944    25.3049    1491.05 0.0000e+00
        709 145.509171     14.502     14.636    10.9258  37.066685     0.8487 4.4507e+01    284.638    101.715     14.502    33.0946    25.3052    1491.05 0.0000e+00
        710 145.509171     14.544     14.678    10.9256  37.066734     0.9271 4.4177e+01    284.577    101.693     14.544    33.0948    25.3053    1491.05 0.0000e+00
        711 145.509171     14.585     14.719    10.9255  37.066814     0.9142 4.3678e+01    284.319    101.602     14.585    33.0950    25.3054    1491.06 0.0000e+00
        712 145.509171     14.626     14.761    10.9255  37.066910     0.8507 4.3240e+01    284.033    101.500     14.626    33.0951    25.3055    1491.06 0.0000e+00
        713 145.509186     14.667     14.802    10.9255  37.066998     0.8566 4.2714e+01    283.943    101.468     14.667    33.0952    25.3056    1491.06 0.0000e+00
        714 145.509186     14.708     14.843    10.9254  37.066982     0.7009 4.2490e+01    283.730    101.392     14.708    33.0952    25.3056    1491.06 0.0000e+00
        715 145.509186     14.748     14.884    10.9253  37.066883     0.7049 4.2065e+01    283.506    101.311     14.748    33.0952    25.3057    1491.06 0.0000e+00
        716 145.509186     14.789     14.925    10.9250  37.066845     0.7267 4.1626e+01    283.242    101.215     14.789    33.0953    25.3058    1491.06 0.0000e+00
        717 145.509186     14.829     14.966    10.9248  37.066933     0.7426 4.1218e+01    283.096    101.163     14.829    33.0957    25.3061    1491.06 0.0000e+00
        718 145.509186     14.869     15.007    10.9245  37.067081     0.6365 4.0904e+01    282.902    101.093     14.869    33.0960    25.3064    1491.06 0.0000e+00
        719 145.509201     14.909     15.047    10.9244  37.067253     0.6424 4.0423e+01    282.998    101.128     14.909    33.0963    25.3067    1491.06 0.0000e+00
        720 145.509201     14.949     15.087    10.9243  37.067417     0.6117 4.0045e+01    283.097    101.163     14.949    33.0965    25.3069    1491.06 0.0000e+00
        721 145.509201     14.989     15.127    10.9244  37.067482     0.6275 3.9949e+01    283.047    101.146     14.989    33.0965    25.3069    1491.06 0.0000e+00
        722 145.509201     15.028     15.167    10.9244  37.067444     0.6295 3.9419e+01    282.938    101.106     15.028    33.0964    25.3068    1491.06 0.0000e+00
        723 145.509201     15.068     15.207    10.9244  37.067356     1.0034 3.9025e+01    282.882    101.086     15.068    33.0963    25.3067    1491.06 0.0000e+00
        724 145.509216     15.107     15.246    10.9243  37.067261     0.9985 3.8693e+01    282.825    101.065     15.107    33.0963    25.3067    1491.06 0.0000e+00
        725 145.509216     15.147     15.286    10.9242  37.067196     0.6841 3.8423e+01    282.780    101.049     15.147    33.0963    25.3068    1491.06 0.0000e+00
        726 145.509216     15.186     15.327    10.9240  37.067234     0.6910 3.8264e+01    282.500    100.949     15.186    33.0965    25.3069    1491.06 0.0000e+00
        727 145.509216     15.226     15.366    10.9239  37.067383     0.5879 3.7898e+01    282.441    100.928     15.226    33.0967    25.3071    1491.06 0.0000e+00
        728 145.509216     15.266     15.406    10.9239  37.067539     0.5769 3.7436e+01    282.456    100.933     15.266    33.0968    25.3072    1491.06 0.0000e+00
        729 145.509232     15.305     15.447    10.9240  37.067638     1.5241 3.7029e+01    282.495    100.947     15.305    33.0968    25.3072    1491.06 0.0000e+00
        730 145.509232     15.345     15.487    10.9241  37.067669     1.5192 3.6771e+01    282.517    100.954     15.345    33.0968    25.3071    1491.06 0.0000e+00
        731 145.509232     15.386     15.528    10.9241  37.067612     0.7079 3.6411e+01    282.169    100.830     15.386    33.0967    25.3070    1491.07 0.0000e+00
        732 145.509232     15.426     15.568    10.9241  37.067463     0.7138 3.6165e+01    282.161    100.827     15.426    33.0966    25.3070    1491.07 0.0000e+00
        733 145.509232     15.467     15.609    10.9239  37.067291     0.7763 3.5701e+01    281.919    100.740     15.467    33.0965    25.3070    1491.07 0.0000e+00
        734 145.509232     15.508     15.651    10.9237  37.067139     0.7803 3.5313e+01    281.532    100.602     15.508    33.0965    25.3070    1491.07 0.0000e+00
        735 145.509247     15.549     15.692    10.9236  37.067020     0.6404 3.4982e+01    280.148    100.108     15.549    33.0965    25.3070    1491.07 0.0000e+00
        736 145.509247     15.590     15.734    10.9235  37.066940     0.6384 3.4753e+01    280.566    100.258     15.590    33.0965    25.3070    1491.07 0.0000e+00
        737 145.509247     15.631     15.775    10.9234  37.066891     0.6960 3.4345e+01    280.169    100.116     15.631    33.0965    25.3071    1491.07 0.0000e+00
        738 145.509247     15.672     15.817    10.9233  37.066860     0.6870 3.4024e+01    280.346    100.181     15.672    33.0966    25.3071    1491.07 0.0000e+00
        739 145.509247     15.714     15.858    10.9232  37.066807     0.8150 3.3610e+01    280.754    100.329     15.714    33.0965    25.3071    1491.07 0.0000e+00
        740 145.509262     15.754     15.900    10.9232  37.066719     0.8090 3.3244e+01    280.750    100.331     15.754    33.0965    25.3071    1491.07 0.0000e+00
        741 145.509262     15.795     15.940    10.9231  37.066643     0.7584 3.2976e+01    280.856    100.376     15.795    33.0965    25.3071    1491.07 0.0000e+00
        742 145.509262     15.835     15.981    10.9230  37.066624     0.7475 3.2667e+01    280.936    100.410     15.835    33.0965    25.3071    1491.07 0.0000e+00
        743 145.509262     15.874     16.021    10.9229  37.066650     0.7178 3.2348e+01    280.827    100.372     15.874    33.0966    25.3072    1491.07 0.0000e+00
        744 145.509262     15.913     16.060    10.9229  37.066681     0.6989 3.2094e+01    280.443    100.234     15.913    33.0966    25.3072    1491.07 0.0000e+00
        745 145.509277     15.952     16.099    10.9229  37.066700     0.6930 3.1724e+01    280.342    100.198     15.952    33.0967    25.3073    1491.07 0.0000e+00
        746 145.509277     15.989     16.137    10.9228  37.066711     0.6573 3.1523e+01    280.159    100.134     15.989    33.0967    25.3073    1491.07 0.0000e+00
        747 145.509277     16.027     16.174    10.9228  37.066708     0.6513 3.1167e+01    279.944    100.057     16.027    33.0967    25.3073    1491.07 0.0000e+00
        748 145.509277     16.063     16.211    10.9227  37.066719     0.6791 3.0848e+01    279.953    100.060     16.063    33.0968    25.3074    1491.07 0.0000e+00
        749 145.509277     16.098     16.246    10.9227  37.066784     0.6682 3.0553e+01    280.089    100.109     16.098    33.0969    25.3075    1491.07 0.0000e+00
        750 145.509293     16.132     16.280    10.9226  37.066898     0.6067 3.0313e+01    279.966    100.064     16.132    33.0970    25.3076    1491.07 0.0000e+00
        751 145.509293     16.164     16.313    10.9227  37.067020     0.6027 3.0154e+01    279.965    100.064     16.164    33.0971    25.3076    1491.07 0.0000e+00
        752 145.509293     16.195     16.344    10.9228  37.067211     0.6176 2.9787e+01    280.024    100.085     16.195    33.0971    25.3076    1491.07 0.0000e+00
        753 145.509293     16.224     16.373    10.9230  37.067577     0.6285 2.9541e+01    280.294    100.181     16.224    33.0973    25.3077    1491.08 0.0000e+00
        754 145.509293     16.250     16.400    10.9233  37.068165     0.7257 2.9322e+01    280.473    100.245     16.250    33.0976    25.3079    1491.08 0.0000e+00
        755 145.509293     16.274     16.424    10.9237  37.068996     0.7178 2.9130e+01    280.659    100.312     16.274    33.0980    25.3082    1491.08 0.0000e+00
        756 145.509308     16.293     16.444    10.9244  37.070156     0.8051 2.8889e+01    280.637    100.303     16.293    33.0986    25.3085    1491.08 0.0000e+00
        757 145.509308     16.309     16.459    10.9253  37.071663     0.8021 2.8757e+01    280.611    100.293     16.309    33.0993    25.3089    1491.09 0.0000e+00
        758 145.509308     16.319     16.469    10.9265  37.073364     0.8775 2.8694e+01    280.465    100.240     16.319    33.0999    25.3091    1491.09 0.0000e+00
        759 145.509308     16.323     16.474    10.9280  37.074776     0.8666 2.8725e+01    280.326    100.190     16.323    33.0999    25.3089    1491.10 0.0000e+00
        760 145.509308     16.322     16.473    10.9295  37.075424     0.7317 2.8681e+01    280.235    100.158     16.322    33.0991    25.3080    1491.10 0.0000e+00
        761 145.509323     16.316     16.467    10.9308  37.075535     0.7327 2.8807e+01    280.267    100.169     16.316    33.0981    25.3070    1491.11 0.0000e+00
        762 145.509323     16.305     16.456    10.9315  37.075737     0.6722 2.8864e+01    280.385    100.211     16.305    33.0977    25.3065    1491.11 0.0000e+00
        763 145.509323     16.289     16.439    10.9319  37.076107     0.6672 2.8952e+01    280.661    100.309     16.289    33.0977    25.3065    1491.11 0.0000e+00
        764 145.509323     16.268     16.418    10.9322  37.076336     0.6503 2.9187e+01    280.715    100.328     16.268    33.0976    25.3063    1491.11 0.0000e+00
        765 145.509323     16.242     16.392    10.9325  37.076347     0.6722 2.9431e+01    280.833    100.370     16.242    33.0974    25.3061    1491.11 0.0000e+00
        766 145.509338     16.212     16.362    10.9326  37.076271     0.6603 2.9677e+01    280.711    100.327     16.212    33.0972    25.3060    1491.11 0.0000e+00
        767 145.509338     16.179     16.328    10.9327  37.076141     0.6404 2.9931e+01    280.704    100.325     16.179    33.0971    25.3058    1491.11 0.0000e+00
        768 145.509338     16.142     16.291    10.9327  37.075981     0.6493 3.0135e+01    280.595    100.285     16.142    33.0969    25.3057    1491.11 0.0000e+00
        769 145.509338     16.103     16.252    10.9327  37.075935     0.7446 3.0533e+01    280.596    100.286     16.103    33.0969    25.3057    1491.11 0.0000e+00
        770 145.509338     16.062     16.210    10.9326  37.075977     0.7515 3.1004e+01    280.366    100.204     16.062    33.0971    25.3059    1491.11 0.0000e+00
        771 145.509354     16.018     16.166    10.9325  37.075932     0.6216 3.1303e+01    280.325    100.189     16.018    33.0971    25.3059    1491.11 0.0000e+00
