Data_manuscript/Scotland/SBE55/c4.cnv
* Sea-Bird SBE 19plus Data File:
* FileName = C:\Data\sbe55_sbe19p_5215\2023-05-25\0036.hex
* Software Version SeatermAF 2.1.4
* Temperature SN = 5215
* Conductivity SN = 5215
* System UpLoad Time = May 25 2023 13:18:01 (localtime) = May 25 2023 13:18:01 (UTC)
* ds
* SeacatPlus V 1.6b  SERIAL NO. 5215    25 May 2023  13:06:23
# nquan = 15                                
# nvalues = 1121                        
# units = specified
# name 0 = scan: Scan Count
# name 1 = timeJ: Julian Days
# name 2 = depSM: Depth [salt water, m], lat = 56.00
# name 3 = prdM: Pressure, Strain Gauge [db]
# name 4 = tv290C: Temperature [ITS-90, deg C]
# name 5 = c0mS/cm: Conductivity [mS/cm]
# name 6 = flECO-AFL: Fluorescence, WET Labs ECO-AFL/FL [mg/m^3]
# name 7 = par/sat/log: PAR/Logarithmic, Satlantic [umol photons/m^2/sec]
# name 8 = sbeox0Mm/L: Oxygen, SBE 43 [umol/l]
# name 9 = sbeox0PS: Oxygen, SBE 43 [% saturation]
# name 10 = depSM: Depth [salt water, m], lat = 56
# name 11 = sal00: Salinity, Practical [PSU]
# name 12 = sigma-t00: Density [sigma-t, kg/m^3 ]
# name 13 = svCM: Sound Velocity [Chen-Millero, m/s]
# name 14 = flag: flag
# span 0 =          1,       1121       
# span 1 = 145.507111, 145.510361       
# span 2 =      0.119,     16.323       
# span 3 =      0.120,     16.474       
# span 4 =    10.9226,    13.3151       
# span 5 =   0.001165,  38.060169       
# span 6 =    -0.0390,     2.0984       
# span 7 = 2.8681e+01, 3.2225e+03       
# span 8 =    203.292,    345.335       
# span 9 =     74.839,    121.248       
# span 10 =      0.119,     16.323      
# span 11 =     0.0070,    33.0999      
# span 12 =    -0.6562,    25.3091      
# span 13 =    1456.91,    1495.78      
# span 14 = 0.0000e+00, 0.0000e+00      
# interval = seconds: 0.25
# start_time = May 25 2023 12:10:15 [Instrument's time stamp, header]
# bad_flag = -9.990e-29
*END*
[from data line 482]
        483 145.508514      4.870      4.915    11.6649  37.482834     0.0146 4.6379e+02    300.623    108.462      4.870    32.8475    24.9798    1493.18 0.0000e+00
        484 145.508514      4.909      4.954    11.6629  37.480606    -0.0033 4.6257e+02    300.106    108.267      4.909    32.8471    24.9798    1493.17 0.0000e+00
        485 145.508514      4.947      4.993    11.6596  37.476360     0.0056 4.8857e+02    299.916    108.196      4.947    32.8458    24.9795    1493.16 0.0000e+00
        486 145.508514      4.987      5.033    11.6546  37.470604     0.0056 4.6287e+02    299.393    108.026      4.987    32.8447    24.9795    1493.14 0.0000e+00
        487 145.508530      5.026      5.073    11.6479  37.464123     0.0076 4.4715e+02    298.776    107.825      5.026    32.8442    24.9804    1493.12 0.0000e+00
        488 145.508530      5.066      5.112    11.6400  37.456852     0.0047 4.7539e+02    298.382    107.690      5.066    32.8442    24.9818    1493.09 0.0000e+00
        489 145.508530      5.105      5.152    11.6310  37.448586     0.0047 4.3509e+02    297.906    107.549      5.105    32.8441    24.9833    1493.06 0.0000e+00
        490 145.508530      5.143      5.191    11.6209  37.439522     0.0056 3.8612e+02    297.654    107.481      5.143    32.8441    24.9852    1493.03 0.0000e+00
        491 145.508530      5.181      5.229    11.6097  37.429165     0.0027 4.3557e+02    297.156    107.314      5.181    32.8439    24.9871    1492.99 0.0000e+00
        492 145.508545      5.219      5.267    11.5971  37.416317    -0.0043 4.1729e+02    297.033    107.280      5.219    32.8425    24.9883    1492.94 0.0000e+00
        493 145.508545      5.258      5.306    11.5821  37.400974     0.0096 4.5256e+02    296.703    107.167      5.258    32.8408    24.9898    1492.89 0.0000e+00
        494 145.508545      5.297      5.345    11.5641  37.384674     0.0076 4.1041e+02    296.490    107.100      5.297    32.8408    24.9931    1492.83 0.0000e+00
        495 145.508545      5.336      5.385    11.5437  37.368851     0.0096 3.9786e+02    296.209    107.010      5.336    32.8435    24.9988    1492.76 0.0000e+00
        496 145.508545      5.376      5.426    11.5223  37.354370    -0.0033 4.1176e+02    296.091    106.974      5.376    32.8482    25.0064    1492.69 0.0000e+00
        497 145.508560      5.417      5.466    11.5015  37.342327     0.0037 3.9856e+02    296.386    107.086      5.417    32.8549    25.0154    1492.63 0.0000e+00
        498 145.508560      5.457      5.508    11.4825  37.333572     0.1078 4.5088e+02    296.612    107.167      5.457    32.8632    25.0253    1492.57 0.0000e+00
        499 145.508560      5.498      5.549    11.4664  37.328133     0.1038 3.4946e+02    296.857    107.253      5.498    32.8722    25.0353    1492.53 0.0000e+00
        500 145.508560      5.540      5.591    11.4535  37.325863     0.0790 3.6541e+02    297.113    107.345      5.540    32.8813    25.0447    1492.50 0.0000e+00
        501 145.508560      5.581      5.632    11.4440  37.326904     0.0076 4.2886e+02    297.577    107.510      5.581    32.8909    25.0538    1492.48 0.0000e+00
        502 145.508560      5.623      5.674    11.4374  37.331337     0.0066 3.9113e+02    298.126    107.703      5.623    32.9010    25.0629    1492.47 0.0000e+00
        503 145.508575      5.665      5.717    11.4339  37.339169    -0.0063 3.9113e+02    298.644    107.885      5.665    32.9118    25.0719    1492.47 0.0000e+00
        504 145.508575      5.707      5.759    11.4336  37.349426     0.0047 3.3605e+02    298.778    107.925      5.707    32.9222    25.0801    1492.48 0.0000e+00
        505 145.508575      5.750      5.803    11.4360  37.359604     0.2238 3.6525e+02    299.234    108.076      5.750    32.9300    25.0857    1492.50 0.0000e+00
        506 145.508575      5.792      5.846    11.4403  37.369534     0.2229 4.1122e+02    299.439    108.135      5.792    32.9359    25.0895    1492.52 0.0000e+00
        507 145.508575      5.835      5.889    11.4454  37.380291     0.8775 3.5092e+02    299.894    108.287      5.835    32.9418    25.0932    1492.55 0.0000e+00
        508 145.508591      5.878      5.932    11.4512  37.389603     0.8765 3.1539e+02    300.130    108.356      5.878    32.9458    25.0952    1492.57 0.0000e+00
        509 145.508591      5.920      5.975    11.4570  37.396221     0.8408 3.6159e+02    300.528    108.467      5.920    32.9471    25.0952    1492.59 0.0000e+00
        510 145.508591      5.962      6.017    11.4619  37.401890     0.8467 3.8208e+02    300.833    108.547      5.962    32.9483    25.0952    1492.61 0.0000e+00
        511 145.508591      6.003      6.058    11.4659  37.407562     1.0243 3.3465e+02    300.847    108.529      6.003    32.9503    25.0960    1492.63 0.0000e+00
        512 145.508591      6.044      6.100    11.4692  37.413105     1.0173 3.1608e+02    301.126    108.613      6.044    32.9527    25.0973    1492.65 0.0000e+00
        513 145.508606      6.085      6.141    11.4721  37.418022     1.2742 3.3996e+02    301.104    108.591      6.085    32.9550    25.0986    1492.66 0.0000e+00
        514 145.508606      6.127      6.183    11.4744  37.421730     1.2851 3.5315e+02    301.066    108.556      6.127    32.9566    25.0994    1492.67 0.0000e+00
        515 145.508606      6.168      6.225    11.4758  37.424152     1.2623 3.1754e+02    301.255    108.594      6.168    32.9576    25.0999    1492.68 0.0000e+00
        516 145.508606      6.210      6.268    11.4764  37.425533     1.2633 3.0501e+02    301.149    108.520      6.210    32.9584    25.1004    1492.68 0.0000e+00
        517 145.508606      6.252      6.310    11.4762  37.425953     1.3982 3.2748e+02    300.912    108.406      6.252    32.9590    25.1009    1492.68 0.0000e+00
        518 145.508621      6.294      6.352    11.4754  37.425293     1.4141 3.1436e+02    300.645    108.292      6.294    32.9590    25.1011    1492.68 0.0000e+00
        519 145.508621      6.335      6.394    11.4741  37.423622     1.5370 2.8929e+02    300.735    108.306      6.335    32.9585    25.1010    1492.67 0.0000e+00
        520 145.508621      6.376      6.435    11.4720  37.421143     1.5202 3.1026e+02    300.460    108.176      6.376    32.9580    25.1009    1492.67 0.0000e+00
        521 145.508621      6.417      6.476    11.4692  37.417652     1.5678 2.9894e+02    300.250    108.060      6.417    32.9571    25.1007    1492.66 0.0000e+00
        522 145.508621      6.458      6.517    11.4655  37.412834     1.5708 2.8809e+02    299.996    107.936      6.458    32.9556    25.1002    1492.64 0.0000e+00
        523 145.508621      6.500      6.559    11.4607  37.407089     1.5450 3.1595e+02    299.618    107.783      6.500    32.9542    25.1000    1492.63 0.0000e+00
        524 145.508636      6.542      6.602    11.4547  37.400982     1.6789 2.8571e+02    299.549    107.745      6.542    32.9535    25.1006    1492.60 0.0000e+00
        525 145.508636      6.585      6.646    11.4478  37.393940     1.6670 2.8409e+02    299.253    107.598      6.585    32.9527    25.1012    1492.58 0.0000e+00
        526 145.508636      6.628      6.689    11.4399  37.385365     1.7790 2.9433e+02    299.068    107.488      6.628    32.9514    25.1016    1492.55 0.0000e+00
        527 145.508636      6.672      6.733    11.4305  37.376469     1.7800 2.9498e+02    298.949    107.385      6.672    32.9510    25.1030    1492.52 0.0000e+00
        528 145.508636      6.715      6.777    11.4201  37.368721     1.8762 2.6727e+02    298.770    107.273      6.715    32.9527    25.1063    1492.49 0.0000e+00
        529 145.508652      6.759      6.821    11.4096  37.361732     1.8713 2.5780e+02    298.818    107.266      6.759    32.9552    25.1101    1492.45 0.0000e+00
        530 145.508652      6.802      6.865    11.3996  37.354614     2.0201 2.7264e+02    298.656    107.197      6.802    32.9571    25.1133    1492.42 0.0000e+00
        531 145.508652      6.846      6.909    11.3899  37.346668     2.0240 2.6903e+02    298.520    107.140      6.846    32.9579    25.1158    1492.39 0.0000e+00
        532 145.508652      6.890      6.954    11.3796  37.337666     1.9883 2.5577e+02    298.348    107.058      6.890    32.9583    25.1179    1492.35 0.0000e+00
        533 145.508652      6.935      6.999    11.3681  37.328407     1.9744 2.5161e+02    298.202    106.977      6.935    32.9594    25.1209    1492.32 0.0000e+00
        534 145.508667      6.980      7.045    11.3556  37.319828     1.9487 2.5516e+02    297.958    106.843      6.980    32.9621    25.1252    1492.28 0.0000e+00
        535 145.508667      7.026      7.090    11.3430  37.312004     1.9467 2.6012e+02    297.946    106.799      7.026    32.9656    25.1302    1492.24 0.0000e+00
        536 145.508667      7.071      7.136    11.3310  37.303722     1.9734 2.4822e+02    297.906    106.755      7.071    32.9682    25.1344    1492.20 0.0000e+00
        537 145.508667      7.116      7.181    11.3192  37.294163     1.9635 2.3770e+02    297.827    106.712      7.116    32.9693    25.1374    1492.16 0.0000e+00
        538 145.508667      7.160      7.226    11.3064  37.284306     1.9715 2.3963e+02    297.864    106.720      7.160    32.9711    25.1411    1492.12 0.0000e+00
        539 145.508682      7.204      7.270    11.2923  37.275467     1.9635 2.4947e+02    297.800    106.696      7.204    32.9749    25.1466    1492.07 0.0000e+00
        540 145.508682      7.247      7.314    11.2782  37.267376     2.0002 2.3869e+02    297.773    106.682      7.247    32.9796    25.1528    1492.03 0.0000e+00
        541 145.508682      7.290      7.357    11.2650  37.258175     1.9903 2.2091e+02    297.581    106.609      7.290    32.9823    25.1573    1491.99 0.0000e+00
        542 145.508682      7.333      7.401    11.2519  37.246426     1.9953 2.1994e+02    297.397    106.534      7.333    32.9824    25.1597    1491.94 0.0000e+00
        543 145.508682      7.377      7.445    11.2373  37.232792     1.9933 2.2823e+02    297.476    106.552      7.377    32.9820    25.1621    1491.89 0.0000e+00
        544 145.508682      7.420      7.489    11.2205  37.219227     1.9774 2.3419e+02    297.346    106.499      7.420    32.9837    25.1663    1491.84 0.0000e+00
        545 145.508698      7.464      7.533    11.2023  37.207611     2.0230 2.1942e+02    297.141    106.420      7.464    32.9885    25.1734    1491.78 0.0000e+00
        546 145.508698      7.507      7.576    11.1845  37.199272     2.0320 2.1030e+02    297.021    106.376      7.507    32.9962    25.1825    1491.73 0.0000e+00
        547 145.508698      7.550      7.620    11.1694  37.192696     2.0181 2.1220e+02    297.059    106.389      7.550    33.0033    25.1907    1491.68 0.0000e+00
        548 145.508698      7.593      7.662    11.1576  37.184948     2.0151 2.2125e+02    296.964    106.355      7.593    33.0062    25.1951    1491.65 0.0000e+00
        549 145.508698      7.635      7.705    11.1474  37.175537     1.9943 2.1299e+02    296.832    106.309      7.635    33.0060    25.1968    1491.61 0.0000e+00
        550 145.508713      7.677      7.748    11.1368  37.165321     1.9863 2.0236e+02    296.536    106.203      7.677    33.0054    25.1982    1491.58 0.0000e+00
        551 145.508713      7.720      7.791    11.1246  37.155079     1.9467 2.0178e+02    296.337    106.132      7.720    33.0062    25.2010    1491.53 0.0000e+00
        552 145.508713      7.763      7.834    11.1108  37.145954     1.9328 2.0481e+02    296.291    106.115      7.763    33.0095    25.2061    1491.49 0.0000e+00
        553 145.508713      7.807      7.878    11.0968  37.139217     1.9526 1.9798e+02    296.301    106.118      7.807    33.0154    25.2132    1491.45 0.0000e+00
        554 145.508713      7.851      7.923    11.0843  37.135082     1.9447 1.9168e+02    296.175    106.071      7.851    33.0225    25.2209    1491.41 0.0000e+00
        555 145.508728      7.895      7.967    11.0746  37.132641     1.8554 1.9720e+02    296.163    106.066      7.895    33.0288    25.2276    1491.39 0.0000e+00
        556 145.508728      7.939      8.012    11.0677  37.130890     1.8624 1.9155e+02    296.331    106.125      7.939    33.0333    25.2323    1491.37 0.0000e+00
        557 145.508728      7.983      8.056    11.0628  37.129181     1.9060 1.8287e+02    296.364    106.138      7.983    33.0360    25.2352    1491.36 0.0000e+00
        558 145.508728      8.027      8.101    11.0591  37.127239     1.9010 1.8371e+02    296.517    106.194      8.027    33.0374    25.2370    1491.35 0.0000e+00
        559 145.508728      8.072      8.146    11.0558  37.125118     1.7652 1.8757e+02    296.469    106.177      8.072    33.0383    25.2382    1491.34 0.0000e+00
        560 145.508728      8.117      8.192    11.0524  37.123131     1.7781 1.7888e+02    296.708    106.263      8.117    33.0393    25.2396    1491.33 0.0000e+00
        561 145.508743      8.163      8.238    11.0491  37.121670     1.8862 1.7359e+02    296.687    106.256      8.163    33.0408    25.2414    1491.32 0.0000e+00
        562 145.508743      8.208      8.284    11.0460  37.120892     1.8842 1.7809e+02    296.557    106.209      8.208    33.0428    25.2435    1491.31 0.0000e+00
        563 145.508743      8.254      8.330    11.0436  37.120613     1.6352 1.7962e+02    296.626    106.231      8.254    33.0447    25.2454    1491.30 0.0000e+00
        564 145.508743      8.300      8.377    11.0419  37.120632     1.6422 1.7310e+02    296.875    106.319      8.300    33.0462    25.2469    1491.30 0.0000e+00
        565 145.508743      8.346      8.422    11.0408  37.120800     1.6977 1.7356e+02    296.701    106.256      8.346    33.0473    25.2480    1491.30 0.0000e+00
        566 145.508759      8.390      8.468    11.0402  37.121040     1.7146 1.7685e+02    296.592    106.216      8.390    33.0481    25.2487    1491.30 0.0000e+00
        567 145.508759      8.435      8.513    11.0399  37.121342     1.7037 1.7014e+02    296.521    106.191      8.435    33.0487    25.2492    1491.30 0.0000e+00
        568 145.508759      8.479      8.557    11.0397  37.121586     1.7652 1.6858e+02    296.403    106.148      8.479    33.0491    25.2495    1491.30 0.0000e+00
        569 145.508759      8.522      8.601    11.0396  37.121700     1.7582 1.7178e+02    296.348    106.129      8.522    33.0493    25.2497    1491.30 0.0000e+00
        570 145.508759      8.566      8.644    11.0395  37.121685     1.5251 1.6616e+02    296.298    106.111      8.566    33.0493    25.2497    1491.30 0.0000e+00
        571 145.508774      8.609      8.688    11.0393  37.121597     1.5142 1.5919e+02    296.316    106.115      8.609    33.0494    25.2498    1491.30 0.0000e+00
        572 145.508774      8.652      8.731    11.0390  37.121658     1.3605 1.5933e+02    296.291    106.100      8.652    33.0497    25.2501    1491.30 0.0000e+00
        573 145.508774      8.695      8.775    11.0386  37.121960     1.3645 1.6360e+02    296.436    106.146      8.695    33.0503    25.2506    1491.30 0.0000e+00
        574 145.508774      8.737      8.818    11.0384  37.122345     1.3585 1.5750e+02    296.639    106.213      8.737    33.0508    25.2511    1491.30 0.0000e+00
        575 145.508774      8.780      8.861    11.0384  37.122692     1.3595 1.5305e+02    296.674    106.222      8.780    33.0512    25.2514    1491.30 0.0000e+00
        576 145.508789      8.822      8.903    11.0385  37.122982     1.2633 1.5225e+02    296.688    106.223      8.822    33.0514    25.2515    1491.30 0.0000e+00
        577 145.508789      8.864      8.945    11.0386  37.123177     1.2544 1.5301e+02    296.699    106.224      8.864    33.0515    25.2516    1491.31 0.0000e+00
        578 145.508789      8.906      8.988    11.0386  37.123207     1.3218 1.5251e+02    296.564    106.174      8.906    33.0514    25.2515    1491.31 0.0000e+00
