Data_manuscript/Scotland/SBE55/c4.cnv
* Sea-Bird SBE 19plus Data File:
* FileName = C:\Data\sbe55_sbe19p_5215\2023-05-25\0036.hex
* Software Version SeatermAF 2.1.4
* Temperature SN = 5215
* Conductivity SN = 5215
* System UpLoad Time = May 25 2023 13:18:01 (localtime) = May 25 2023 13:18:01 (UTC)
* ds
* SeacatPlus V 1.6b  SERIAL NO. 5215    25 May 2023  13:06:23
# nquan = 15                                
# nvalues = 1121                        
# units = specified
# name 0 = scan: Scan Count
# name 1 = timeJ: Julian Days
# name 2 = depSM: Depth [salt water, m], lat = 56.00
# name 3 = prdM: Pressure, Strain Gauge [db]
# name 4 = tv290C: Temperature [ITS-90, deg C]
# name 5 = c0mS/cm: Conductivity [mS/cm]
# name 6 = flECO-AFL: Fluorescence, WET Labs ECO-AFL/FL [mg/m^3]
# name 7 = par/sat/log: PAR/Logarithmic, Satlantic [umol photons/m^2/sec]
# name 8 = sbeox0Mm/L: Oxygen, SBE 43 [umol/l]
# name 9 = sbeox0PS: Oxygen, SBE 43 [% saturation]
# name 10 = depSM: Depth [salt water, m], lat = 56
# name 11 = sal00: Salinity, Practical [PSU]
# name 12 = sigma-t00: Density [sigma-t, kg/m^3 ]
# name 13 = svCM: Sound Velocity [Chen-Millero, m/s]
# name 14 = flag: flag
# span 0 =          1,       1121       
# span 1 = 145.507111, 145.510361       
# span 2 =      0.119,     16.323       
# span 3 =      0.120,     16.474       
# span 4 =    10.9226,    13.3151       
# span 5 =   0.001165,  38.060169       
# span 6 =    -0.0390,     2.0984       
# span 7 = 2.8681e+01, 3.2225e+03       
# span 8 =    203.292,    345.335       
# span 9 =     74.839,    121.248       
# span 10 =      0.119,     16.323      
# span 11 =     0.0070,    33.0999      
# span 12 =    -0.6562,    25.3091      
# span 13 =    1456.91,    1495.78      
# span 14 = 0.0000e+00, 0.0000e+00      
# interval = seconds: 0.25
# start_time = May 25 2023 12:10:15 [Instrument's time stamp, header]
# bad_flag = -9.990e-29
*END*
[from data line 1061]
       1062 145.510193      1.070      1.080    11.9708  37.681435     0.0027 1.3541e+03    345.335    108.319      1.070    32.7722    24.8647    1494.08 0.0000e+00
       1063 145.510193      1.020      1.030    11.9821  37.687481     0.0086 1.2984e+03    329.989    107.447      1.020    32.7681    24.8594    1494.11 0.0000e+00
       1064 145.510193      0.972      0.981    11.9934  37.693932     0.0037 1.6661e+03    293.907    106.632      0.972    32.7645    24.8545    1494.15 0.0000e+00
       1065 145.510193      0.924      0.932    12.0059  37.703197     0.0066 2.8855e+03    301.570    105.808      0.924    32.7624    24.8505    1494.19 0.0000e+00
       1066 145.510193      0.876      0.884    12.0225  37.714504     0.0037 2.1170e+03    313.975    104.510      0.876    32.7588    24.8447    1494.24 0.0000e+00
       1067 145.510208      0.828      0.836    12.0454  37.719913     0.0086 1.1008e+03    322.320    103.038      0.828    32.7439    24.8288    1494.30 0.0000e+00
       1068 145.510208      0.781      0.788    12.0730  37.711071     0.0076 1.6448e+03    326.723    101.384      0.781    32.7112    24.7982    1494.35 0.0000e+00
       1069 145.510208      0.733      0.740    12.1003  37.681538     0.0106 1.6099e+03    321.994     99.791      0.733    32.6588    24.7525    1494.38 0.0000e+00
       1070 145.510208      0.686      0.693    12.1236  37.625446     0.0056 1.6974e+03    318.244     98.206      0.686    32.5844    24.6904    1494.37 0.0000e+00
       1071 145.510208      0.641      0.646    12.1444  37.527443     0.0027 1.7304e+03    316.284     96.598      0.641    32.4719    24.5992    1494.31 0.0000e+00
       1072 145.510223      0.596      0.601    12.1670  37.350662     0.0056 1.7479e+03    308.795     94.636      0.596    32.2822    24.4478    1494.16 0.0000e+00
       1073 145.510223      0.552      0.557    12.1917  37.042484    -0.0003 1.7037e+03    301.678     92.589      0.552    31.9649    24.1971    1493.87 0.0000e+00
       1074 145.510223      0.509      0.514    12.2164  36.522007     0.0146 1.7011e+03    295.729     90.443      0.509    31.4452    23.7896    1493.33 0.0000e+00
       1075 145.510223      0.468      0.472    12.2428  35.642838     0.0037 1.6900e+03    289.296     88.255      0.468    30.5838    23.1171    1492.40 0.0000e+00
       1076 145.510223      0.428      0.432    12.2711  34.159966    -0.0241 1.7486e+03    282.675     85.972      0.428    29.1535    22.0039    1490.79 0.0000e+00
       1077 145.510239      0.390      0.393    12.2967  31.674608     0.0066 1.7019e+03    278.763     84.368      0.390    26.7971    20.1755    1488.08 0.0000e+00
       1078 145.510239      0.354      0.357    12.3148  27.866531     0.0056 1.7206e+03    273.143     82.618      0.354    23.2562    17.4349    1483.95 0.0000e+00
       1079 145.510239      0.321      0.324    12.3236  23.798727     0.0066 1.7259e+03    269.016     81.522      0.321    19.5526    14.5733    1479.59 0.0000e+00
       1080 145.510239      0.293      0.295    12.3233  21.650984     0.0066 1.7521e+03    266.052     80.598      0.293    17.6305    13.0900    1477.31 0.0000e+00
       1081 145.510239      0.269      0.271    12.3155  22.038898     0.0066 1.7138e+03    263.204     79.852      0.269    17.9798    13.3608    1477.70 0.0000e+00
       1082 145.510239      0.249      0.252    12.3018  22.985397     0.0146 1.7605e+03    261.269     79.228      0.249    18.8330    14.0214    1478.66 0.0000e+00
       1083 145.510254      0.234      0.236    12.2847  22.107864     0.0047 1.7089e+03    260.663     78.836      0.234    18.0561    13.4245    1477.68 0.0000e+00
       1084 145.510254      0.223      0.225    12.2674  19.257565     0.0017 1.7183e+03    259.039     78.480      0.223    15.5375    11.4838    1474.63 0.0000e+00
       1085 145.510254      0.214      0.216    12.2526  15.752433     0.0076 1.7745e+03    258.160     78.123      0.214    12.4921     9.1365    1470.97 0.0000e+00
       1086 145.510254      0.207      0.209    12.2409  12.623317     0.0027 1.7304e+03    258.005     78.035      0.207     9.8300     7.0841    1467.77 0.0000e+00
       1087 145.510254      0.201      0.203    12.2321  10.296092    -0.0003 1.7563e+03    257.980     77.870      0.201     7.8902     5.5878    1465.42 0.0000e+00
       1088 145.510269      0.197      0.199    12.2256   8.614091     0.0156 1.7456e+03    258.012     77.841      0.197     6.5127     4.5246    1463.76 0.0000e+00
       1089 145.510269      0.194      0.196    12.2205   7.394736     0.0106 1.7513e+03    258.562     77.895      0.194     5.5288     3.7648    1462.56 0.0000e+00
       1090 145.510269      0.191      0.193    12.2162   6.598706    -0.0023 1.7752e+03    258.250     77.994      0.191     4.8940     3.2744    1461.78 0.0000e+00
       1091 145.510269      0.190      0.191    12.2121   6.036398    -0.0003 1.7663e+03    258.347     78.029      0.190     4.4495     2.9309    1461.23 0.0000e+00
       1092 145.510269      0.188      0.190    12.2081   5.515986     0.0027 1.7967e+03    258.717     78.096      0.188     4.0412     2.6154    1460.73 0.0000e+00
       1093 145.510284      0.187      0.189    12.2040   5.005010    -0.0043 1.7830e+03    259.423     78.173      0.187     3.6432     2.3077    1460.23 0.0000e+00
       1094 145.510284      0.186      0.188    12.1998   4.521083     0.0076 1.8201e+03    259.994     78.207      0.186     3.2693     2.0185    1459.77 0.0000e+00
       1095 145.510284      0.185      0.186    12.1955   4.117077     0.0017 1.8256e+03    260.480     78.277      0.185     2.9596     1.7790    1459.38 0.0000e+00
       1096 145.510284      0.184      0.186    12.1911   3.867444     0.0037 1.8240e+03    260.777     78.331      0.184     2.7694     1.6321    1459.13 0.0000e+00
       1097 145.510284      0.183      0.185    12.1867   3.758862     0.0146 1.8356e+03    261.138     78.377      0.183     2.6872     1.5689    1459.02 0.0000e+00
       1098 145.510300      0.183      0.185    12.1824   3.716618     0.0056 1.8201e+03    261.237     78.402      0.183     2.6554     1.5448    1458.96 0.0000e+00
       1099 145.510300      0.183      0.184    12.1781   3.686088    -0.0251 1.8137e+03    261.534     78.438      0.183     2.6326     1.5276    1458.92 0.0000e+00
       1100 145.510300      0.182      0.184    12.1740   3.624062     0.9975 1.8397e+03    261.677     78.440      0.182     2.5858     1.4918    1458.85 0.0000e+00
       1101 145.510300      0.182      0.184    12.1699   3.538690     1.0024 1.8308e+03    262.210     78.514      0.182     2.5215     1.4424    1458.75 0.0000e+00
       1102 145.510300      0.182      0.183    12.1659   3.458860     1.5013 1.8595e+03 -9.990e-29 -9.990e-29      0.182     2.4614     1.3963    1458.66 0.0000e+00
       1103 145.510300      0.182      0.183    12.1619   3.363312     1.5093 1.8648e+03 -9.990e-29 -9.990e-29      0.182     2.3895     1.3410    1458.56 0.0000e+00
       1104 145.510315      0.182      0.183    12.1580   3.237369     0.0066 1.8177e+03 -9.990e-29 -9.990e-29      0.182     2.2950     1.2681    1458.43 0.0000e+00
       1105 145.510315      0.182      0.183    12.1542   3.102281     0.0136 1.7999e+03 -9.990e-29 -9.990e-29      0.182     2.1938     1.1900    1458.30 0.0000e+00
       1106 145.510315      0.182      0.183    12.1504   2.988996     0.0086 1.2643e+03 -9.990e-29 -9.990e-29      0.182     2.1093     1.1248    1458.18 0.0000e+00
       1107 145.510315      0.182      0.183    12.1466   2.926193    -0.0033 1.7536e+03 -9.990e-29 -9.990e-29      0.182     2.0626     1.0890    1458.11 0.0000e+00
       1108 145.510315      0.182      0.183    12.1429   2.905499     0.0116 1.7376e+03 -9.990e-29 -9.990e-29      0.182     2.0473     1.0776    1458.08 0.0000e+00
       1109 145.510330      0.182      0.183    12.1392   2.865456     0.0076 2.6938e+02 -9.990e-29 -9.990e-29      0.182     2.0177     1.0550    1458.03 0.0000e+00
       1110 145.510330      0.182      0.183    12.1355   2.761424     0.0047 1.7198e+03 -9.990e-29 -9.990e-29      0.182     1.9404     0.9955    1457.92 0.0000e+00
       1111 145.510330      0.182      0.183    12.1318   2.601079     0.0096 1.6720e+03 -9.990e-29 -9.990e-29      0.182     1.8216     0.9037    1457.76 0.0000e+00
       1112 145.510330      0.182      0.184    12.1281   2.420179    -0.0003 1.6444e+03 -9.990e-29 -9.990e-29      0.182     1.6882     0.8004    1457.58 0.0000e+00
       1113 145.510330      0.182      0.184    12.1243   2.255499     0.0027 1.6487e+03 -9.990e-29 -9.990e-29      0.182     1.5673     0.7069    1457.42 0.0000e+00
       1114 145.510345      0.182      0.184    12.1207   2.118339     0.0066 1.6269e+03 -9.990e-29 -9.990e-29      0.182     1.4671     0.6294    1457.29 0.0000e+00
       1115 145.510345      0.183      0.184    12.1171   2.005984     0.0106 1.7266e+03 -9.990e-29 -9.990e-29      0.183     1.3853     0.5663    1457.17 0.0000e+00
       1116 145.510345      0.183      0.184    12.1138   1.914080     0.0116 1.7846e+03 -9.990e-29 -9.990e-29      0.183     1.3187     0.5148    1457.08 0.0000e+00
       1117 145.510345      0.183      0.184    12.1109   1.836122     0.0047 1.8320e+03 -9.990e-29 -9.990e-29      0.183     1.2623     0.4713    1457.00 0.0000e+00
       1118 145.510345      0.183      0.184    12.1088   1.774500     0.0047 1.8518e+03 -9.990e-29 -9.990e-29      0.183     1.2178     0.4369    1456.94 0.0000e+00
       1119 145.510345      0.183      0.184    12.1080   1.749110     0.0047 1.8890e+03 -9.990e-29 -9.990e-29      0.183     1.1995     0.4228    1456.91 0.0000e+00
       1120 145.510361      0.183      0.184 -9.990e-29 -9.990e-29    -0.0023 1.8209e+03 -9.990e-29 -9.990e-29      0.183 -9.990e-29 -9.990e-29 -9.990e-29 0.0000e+00
       1121 145.510361      0.183      0.184 -9.990e-29 -9.990e-29     0.0096 1.8089e+03 -9.990e-29 -9.990e-29      0.183 -9.990e-29 -9.990e-29 -9.990e-29 0.0000e+00
