Data_manuscript/Scotland/SBE55/c4.cnv
* Sea-Bird SBE 19plus Data File:
* FileName = C:\Data\sbe55_sbe19p_5215\2023-05-25\0036.hex
* Software Version SeatermAF 2.1.4
* Temperature SN = 5215
* Conductivity SN = 5215
* System UpLoad Time = May 25 2023 13:18:01 (localtime) = May 25 2023 13:18:01 (UTC)
* ds
* SeacatPlus V 1.6b  SERIAL NO. 5215    25 May 2023  13:06:23
# nquan = 15                                
# nvalues = 1121                        
# units = specified
# name 0 = scan: Scan Count
# name 1 = timeJ: Julian Days
# name 2 = depSM: Depth [salt water, m], lat = 56.00
# name 3 = prdM: Pressure, Strain Gauge [db]
# name 4 = tv290C: Temperature [ITS-90, deg C]
# name 5 = c0mS/cm: Conductivity [mS/cm]
# name 6 = flECO-AFL: Fluorescence, WET Labs ECO-AFL/FL [mg/m^3]
# name 7 = par/sat/log: PAR/Logarithmic, Satlantic [umol photons/m^2/sec]
# name 8 = sbeox0Mm/L: Oxygen, SBE 43 [umol/l]
# name 9 = sbeox0PS: Oxygen, SBE 43 [% saturation]
# name 10 = depSM: Depth [salt water, m], lat = 56
# name 11 = sal00: Salinity, Practical [PSU]
# name 12 = sigma-t00: Density [sigma-t, kg/m^3 ]
# name 13 = svCM: Sound Velocity [Chen-Millero, m/s]
# name 14 = flag: flag
# span 0 =          1,       1121       
# span 1 = 145.507111, 145.510361       
# span 2 =      0.119,     16.323       
# span 3 =      0.120,     16.474       
# span 4 =    10.9226,    13.3151       
# span 5 =   0.001165,  38.060169       
# span 6 =    -0.0390,     2.0984       
# span 7 = 2.8681e+01, 3.2225e+03       
# span 8 =    203.292,    345.335       
# span 9 =     74.839,    121.248       
# span 10 =      0.119,     16.323      
# span 11 =     0.0070,    33.0999      
# span 12 =    -0.6562,    25.3091      
# span 13 =    1456.91,    1495.78      
# span 14 = 0.0000e+00, 0.0000e+00      
# interval = seconds: 0.25
# start_time = May 25 2023 12:10:15 [Instrument's time stamp, header]
# bad_flag = -9.990e-29
*END*
[from data line 290]
        291 145.507950      1.184      1.195    12.3600  37.950237     0.0205 1.2168e+03    298.517    109.748      1.184    32.6904    24.7279    1495.32 0.0000e+00
        292 145.507965      1.185      1.196    12.3619  37.952675     0.0126 1.0020e+03    298.561    109.737      1.185    32.6911    24.7281    1495.32 0.0000e+00
        293 145.507965      1.185      1.196    12.3646  37.955967     0.0185 1.1520e+03    298.633    109.747      1.185    32.6918    24.7281    1495.33 0.0000e+00
        294 145.507965      1.186      1.197    12.3684  37.959515     0.0076 9.6669e+02    298.452    109.673      1.186    32.6919    24.7275    1495.35 0.0000e+00
        295 145.507965      1.186      1.197    12.3729  37.962994    -0.0142 2.0455e+03    298.397    109.641      1.186    32.6913    24.7262    1495.36 0.0000e+00
        296 145.507965      1.186      1.197    12.3777  37.966564     0.0096 1.0585e+03    298.340    109.604      1.186    32.6906    24.7247    1495.38 0.0000e+00
        297 145.507980      1.186      1.197    12.3826  37.970352     0.0086 1.1561e+03    298.402    109.592      1.186    32.6900    24.7233    1495.39 0.0000e+00
        298 145.507980      1.186      1.197    12.3877  37.974342     0.0066 8.6522e+02    298.413    109.551      1.186    32.6893    24.7218    1495.41 0.0000e+00
        299 145.507980      1.185      1.196    12.3931  37.978207     0.0175 1.1141e+03    298.577    109.593      1.185    32.6883    24.7200    1495.43 0.0000e+00
        300 145.507980      1.185      1.196    12.3986  37.981537     0.0037 1.4651e+03    298.504    109.557      1.185    32.6867    24.7177    1495.44 0.0000e+00
        301 145.507980      1.185      1.196    12.4038  37.984390    -0.0013 8.5919e+02    298.327    109.483      1.185    32.6849    24.7153    1495.46 0.0000e+00
        302 145.507996      1.186      1.196    12.4083  37.986591     0.0047 1.4271e+03    298.402    109.497      1.186    32.6831    24.7130    1495.47 0.0000e+00
        303 145.507996      1.186      1.197    12.4118  37.986778     0.0116 1.0739e+03    298.306    109.469      1.186    32.6802    24.7102    1495.48 0.0000e+00
        304 145.507996      1.186      1.197    12.4135  37.984409     0.0146 8.3931e+02    298.451    109.533      1.186    32.6765    24.7070    1495.48 0.0000e+00
        305 145.507996      1.186      1.196    12.4128  37.980991     0.0017 7.0351e+02    298.251    109.465      1.186    32.6738    24.7050    1495.48 0.0000e+00
        306 145.507996      1.185      1.196    12.4101  37.976978    -0.0003 8.8881e+02    298.209    109.445      1.185    32.6724    24.7044    1495.47 0.0000e+00
        307 145.508011      1.185      1.196    12.4059  37.971603    -0.0063 1.3211e+03    298.304    109.462      1.185    32.6709    24.7040    1495.45 0.0000e+00
        308 145.508011      1.185      1.196    12.3999  37.965172     0.0066 1.4054e+03    298.314    109.448      1.185    32.6699    24.7044    1495.43 0.0000e+00
        309 145.508011      1.185      1.196    12.3922  37.958858     0.0166 1.2475e+03    298.213    109.391      1.185    32.6705    24.7064    1495.40 0.0000e+00
        310 145.508011      1.185      1.196    12.3836  37.953262     0.0027 2.1905e+03    298.310    109.421      1.185    32.6726    24.7097    1495.38 0.0000e+00
        311 145.508011      1.185      1.196    12.3755  37.947777     0.0056 1.1498e+03    298.468    109.453      1.185    32.6745    24.7126    1495.35 0.0000e+00
        312 145.508011      1.185      1.196    12.3680  37.941448     0.0255 1.1093e+03    298.549    109.448      1.185    32.6749    24.7144    1495.33 0.0000e+00
        313 145.508026      1.185      1.196    12.3605  37.933994     0.0195 1.1405e+03    298.783    109.495      1.185    32.6744    24.7154    1495.30 0.0000e+00
        314 145.508026      1.185      1.196    12.3516  37.925941    -0.0023 9.9980e+02    299.061    109.571      1.185    32.6743    24.7171    1495.27 0.0000e+00
        315 145.508026      1.185      1.196    12.3410  37.918282     0.0126 2.1398e+03    299.013    109.541      1.185    32.6762    24.7205    1495.23 0.0000e+00
        316 145.508026      1.184      1.195    12.3297  37.912540     0.0017 1.0688e+03    299.156    109.587      1.184    32.6806    24.7260    1495.20 0.0000e+00
        317 145.508026      1.184      1.195    12.3198  37.908794     0.0096 1.3654e+03    299.092    109.560      1.184    32.6857    24.7319    1495.17 0.0000e+00
        318 145.508041      1.184      1.195    12.3123  37.905762    -0.0201 2.5301e+03    298.971    109.516      1.184    32.6893    24.7361    1495.15 0.0000e+00
        319 145.508041      1.185      1.196    12.3065  37.903793     0.0136 1.2243e+03    298.730    109.438      1.185    32.6924    24.7396    1495.14 0.0000e+00
        320 145.508041      1.185      1.196    12.3023  37.903313     0.0116 1.4705e+03    298.534    109.386      1.185    32.6956    24.7429    1495.13 0.0000e+00
        321 145.508041      1.186      1.197    12.3000  37.903072    -0.0053 1.0943e+03    298.476    109.382      1.186    32.6974    24.7447    1495.12 0.0000e+00
        322 145.508041      1.186      1.197    12.2992  37.901527     0.0156 1.2345e+03    298.236    109.309      1.186    32.6966    24.7443    1495.12 0.0000e+00
        323 145.508057      1.187      1.198    12.2983  37.898201     0.0017 1.5017e+03    298.269    109.334      1.187    32.6942    24.7426    1495.11 0.0000e+00
        324 145.508057      1.187      1.198    12.2961  37.893059     0.0027 1.2256e+03    298.240    109.338      1.187    32.6912    24.7407    1495.10 0.0000e+00
        325 145.508057      1.187      1.198    12.2921  37.886383     0.0126 9.6626e+02    298.466    109.437      1.187    32.6883    24.7392    1495.08 0.0000e+00
        326 145.508057      1.186      1.197    12.2864  37.879665     0.0066 1.1617e+03    298.347    109.418      1.186    32.6868    24.7391    1495.06 0.0000e+00
        327 145.508057      1.186      1.197    12.2792  37.873508     0.0027 2.3725e+03    298.604    109.531      1.186    32.6871    24.7407    1495.04 0.0000e+00
        328 145.508057      1.186      1.197    12.2714  37.866291     0.0096 1.0571e+03    298.567    109.522      1.186    32.6870    24.7421    1495.01 0.0000e+00
        329 145.508072      1.186      1.197    12.2623  37.857670     0.0047 1.0560e+03    298.710    109.566      1.186    32.6867    24.7436    1494.98 0.0000e+00
        330 145.508072      1.186      1.197    12.2515  37.850006     0.0017 1.3044e+03    298.888    109.620      1.186    32.6888    24.7472    1494.94 0.0000e+00
        331 145.508072      1.186      1.197    12.2400  37.844692     0.0037 1.1025e+03    298.949    109.633      1.186    32.6937    24.7532    1494.91 0.0000e+00
        332 145.508072      1.186      1.197    12.2297  37.841881    -0.0013 1.4051e+03    298.940    109.631      1.186    32.7000    24.7601    1494.88 0.0000e+00
        333 145.508072      1.186      1.197    12.2217  37.841164     0.0047 1.2160e+03    298.933    109.630      1.186    32.7063    24.7665    1494.86 0.0000e+00
        334 145.508087      1.186      1.197    12.2166  37.841125     0.0146 8.9427e+02    299.031    109.669      1.186    32.7107    24.7709    1494.85 0.0000e+00
        335 145.508087      1.186      1.197    12.2144  37.841549    -0.0043 2.0026e+03    299.016    109.665      1.186    32.7131    24.7731    1494.85 0.0000e+00
        336 145.508087      1.185      1.196    12.2144  37.843784     0.0076 1.1485e+03    299.026    109.667      1.185    32.7152    24.7747    1494.85 0.0000e+00
        337 145.508087      1.185      1.196    12.2166  37.848057     0.0086 9.5429e+02    298.899    109.625      1.185    32.7174    24.7760    1494.86 0.0000e+00
        338 145.508087      1.184      1.195    12.2209  37.852898     0.0076 9.5806e+02    298.723    109.566      1.184    32.7183    24.7759    1494.88 0.0000e+00
        339 145.508102      1.183      1.194    12.2265  37.857708    -0.0003 1.1644e+03    298.627    109.536      1.183    32.7180    24.7746    1494.89 0.0000e+00
        340 145.508102      1.182      1.193    12.2325  37.862827     0.0017 9.8849e+02    298.683    109.561      1.182    32.7177    24.7733    1494.91 0.0000e+00
        341 145.508102      1.181      1.192    12.2387  37.868019    -0.0192 8.9212e+02    298.594    109.542      1.181    32.7173    24.7718    1494.93 0.0000e+00
        342 145.508102      1.181      1.191    12.2450  37.873219     0.0066 9.4020e+02    298.567    109.554      1.181    32.7168    24.7702    1494.96 0.0000e+00
        343 145.508102      1.180      1.191    12.2515  37.878319     0.0086 8.8107e+02    298.433    109.526      1.180    32.7160    24.7683    1494.98 0.0000e+00
        344 145.508118      1.180      1.190    12.2581  37.881809    -0.0003 3.2190e+03    298.481    109.553      1.180    32.7136    24.7652    1495.00 0.0000e+00
        345 145.508118      1.179      1.190    12.2640  37.882633     0.0076 1.8352e+03    298.451    109.542      1.179    32.7092    24.7608    1495.01 0.0000e+00
        346 145.508118      1.178      1.189    12.2677  37.881821     0.0027 8.5487e+02    298.518    109.558      1.178    32.7052    24.7570    1495.02 0.0000e+00
        347 145.508118      1.177      1.188    12.2688  37.880772     0.0056 1.0266e+03    298.612    109.581      1.177    32.7033    24.7552    1495.02 0.0000e+00
        348 145.508118      1.176      1.187    12.2682  37.880047     0.0076 8.3711e+02    298.549    109.546      1.176    32.7031    24.7552    1495.02 0.0000e+00
        349 145.508118      1.176      1.186    12.2671  37.879929     0.0096 7.8670e+02    298.726    109.604      1.176    32.7039    24.7560    1495.02 0.0000e+00
        350 145.508133      1.175      1.186    12.2665  37.880356     0.0175 1.1500e+03    298.706    109.597      1.175    32.7048    24.7569    1495.01 0.0000e+00
        351 145.508133      1.175      1.186    12.2665  37.880928     0.0126 1.5809e+03    298.663    109.584      1.175    32.7054    24.7573    1495.02 0.0000e+00
        352 145.508133      1.175      1.186    12.2670  37.881565     0.0066 9.3712e+02    298.702    109.598      1.175    32.7056    24.7573    1495.02 0.0000e+00
        353 145.508133      1.175      1.186    12.2677  37.882446     0.0086 1.0141e+03    298.673    109.585      1.175    32.7058    24.7574    1495.02 0.0000e+00
        354 145.508133      1.175      1.186    12.2687  37.883755     0.0136 1.2676e+03    298.642    109.575      1.175    32.7062    24.7575    1495.02 0.0000e+00
        355 145.508148      1.174      1.185    12.2703  37.885490     0.0027 9.4826e+02    298.580    109.554      1.174    32.7065    24.7574    1495.03 0.0000e+00
        356 145.508148      1.174      1.185    12.2725  37.887592    -0.0063 1.1360e+03    298.663    109.589      1.174    32.7065    24.7570    1495.04 0.0000e+00
        357 145.508148      1.173      1.184    12.2753  37.890369    -0.0072 1.0386e+03    298.548    109.549      1.173    32.7068    24.7567    1495.05 0.0000e+00
        358 145.508148      1.173      1.184    12.2786  37.894241     0.0056 1.7955e+03    298.445    109.519      1.173    32.7076    24.7567    1495.06 0.0000e+00
        359 145.508148      1.173      1.184    12.2829  37.898754    -0.0023 9.1866e+02    298.477    109.536      1.173    32.7082    24.7564    1495.07 0.0000e+00
        360 145.508163      1.173      1.184    12.2881  37.902576     0.0096 1.2372e+03    298.437    109.523      1.173    32.7074    24.7547    1495.09 0.0000e+00
        361 145.508163      1.173      1.184    12.2932  37.904709     0.0007 1.5494e+03    298.516    109.551      1.173    32.7049    24.7519    1495.11 0.0000e+00
        362 145.508163      1.173      1.184    12.2971  37.904877     0.0047 1.3601e+03    298.393    109.506      1.173    32.7017    24.7486    1495.12 0.0000e+00
        363 145.508163      1.172      1.183    12.2989  37.903450    -0.0023 9.0371e+02    298.393    109.510      1.172    32.6987    24.7460    1495.12 0.0000e+00
        364 145.508163      1.171      1.182    12.2987  37.901291    -0.0172 1.9219e+03    298.312    109.491      1.171    32.6969    24.7446    1495.11 0.0000e+00
        365 145.508179      1.170      1.181    12.2970  37.899265     0.0027 1.1923e+03    298.517    109.579      1.170    32.6964    24.7446    1495.11 0.0000e+00
        366 145.508179      1.169      1.180    12.2946  37.897938     0.0056 8.8165e+02    298.390    109.550      1.169    32.6972    24.7456    1495.10 0.0000e+00
        367 145.508179      1.168      1.179    12.2925  37.897369     0.0116 8.8088e+02    298.320    109.550      1.168    32.6985    24.7470    1495.10 0.0000e+00
        368 145.508179      1.167      1.178    12.2912  37.897236     0.0076 1.4883e+03    298.198    109.551      1.167    32.6995    24.7480    1495.09 0.0000e+00
        369 145.508179      1.167      1.177    12.2906  37.897190     0.0017 2.1096e+03    298.063    109.534      1.167    32.7000    24.7485    1495.09 0.0000e+00
        370 145.508179      1.166      1.177    12.2904  37.897232     0.0096 9.8053e+02    298.125    109.586      1.166    32.7002    24.7487    1495.09 0.0000e+00
        371 145.508194      1.166      1.177    12.2904  37.897594     0.0066 2.2730e+03    298.007    109.561      1.166    32.7005    24.7490    1495.09 0.0000e+00
        372 145.508194      1.167      1.177    12.2908  37.898190     0.0076 1.9198e+03    298.052    109.594      1.167    32.7008    24.7491    1495.09 0.0000e+00
        373 145.508194      1.168      1.178    12.2917  37.898815    -0.0053 1.0088e+03    298.014    109.578      1.168    32.7006    24.7488    1495.10 0.0000e+00
        374 145.508194      1.169      1.180    12.2929  37.899689     0.0066 1.5057e+03    298.279    109.671      1.169    32.7003    24.7484    1495.10 0.0000e+00
        375 145.508194      1.171      1.181    12.2944  37.901001     0.0037 1.6148e+03    298.535    109.740      1.171    32.7003    24.7480    1495.10 0.0000e+00
        376 145.508209      1.173      1.184    12.2962  37.902565     0.0066 1.6376e+03    298.750    109.802      1.173    32.7003    24.7477    1495.11 0.0000e+00
        377 145.508209      1.175      1.186    12.2979  37.904221     0.0047 2.1018e+03    298.859    109.838      1.175    32.7003    24.7474    1495.12 0.0000e+00
        378 145.508209      1.179      1.189    12.2995  37.905964    -0.0082 2.3025e+03    298.958    109.884      1.179    32.7006    24.7473    1495.12 0.0000e+00
        379 145.508209      1.183      1.193    12.3011  37.908070     0.0007 1.1962e+03    299.091    109.942      1.183    32.7013    24.7476    1495.13 0.0000e+00
        380 145.508209      1.188      1.198    12.3030  37.911041     0.0047 2.3689e+03    299.084    109.949      1.188    32.7024    24.7480    1495.14 0.0000e+00
        381 145.508224      1.194      1.205    12.3060  37.915192     0.0146 1.6665e+03    298.819    109.855      1.194    32.7038    24.7485    1495.15 0.0000e+00
        382 145.508224      1.202      1.213    12.3105  37.920704     0.0156 1.3488e+03    298.731    109.788      1.202    32.7052    24.7488    1495.17 0.0000e+00
        383 145.508224      1.213      1.224    12.3164  37.927952     0.0076 1.1627e+03    298.846    109.763      1.213    32.7069    24.7490    1495.19 0.0000e+00
        384 145.508224      1.226      1.237    12.3241  37.937046     0.0027 1.8787e+03    298.868    109.699      1.226    32.7089    24.7491    1495.22 0.0000e+00
        385 145.508224      1.242      1.254    12.3339  37.947266     0.0136 1.1604e+03    298.789    109.640      1.242    32.7103    24.7483    1495.25 0.0000e+00
