Data_manuscript/Scotland/SBE55/c4_1m.cnv
* Sea-Bird SBE 19plus Data File:
* FileName = C:\Data\sbe55_sbe19p_5215\2023-05-25\0036.hex
* Software Version SeatermAF 2.1.4
* Temperature SN = 5215
* Conductivity SN = 5215
* System UpLoad Time = May 25 2023 13:18:01 (localtime) = May 25 2023 13:18:01 (UTC)
* ds
* SeacatPlus V 1.6b  SERIAL NO. 5215    25 May 2023  13:06:23
# nquan = 15
# nvalues = 31                          
# units = specified
# name 0 = scan: Scan Count
# name 1 = timeJ: Julian Days
# name 2 = depSM: Depth [salt water, m], lat = 56.00
# name 3 = prdM: Pressure, Strain Gauge [db]
# name 4 = tv290C: Temperature [ITS-90, deg C]
# name 5 = c0mS/cm: Conductivity [mS/cm]
# name 6 = flECO-AFL: Fluorescence, WET Labs ECO-AFL/FL [mg/m^3]
# name 7 = par/sat/log: PAR/Logarithmic, Satlantic [umol photons/m^2/sec]
# name 8 = sbeox0Mm/L: Oxygen, SBE 43 [umol/l]
# name 9 = sbeox0PS: Oxygen, SBE 43 [% saturation]
# name 10 = depSM: Depth [salt water, m], lat = 56
# name 11 = sal00: Salinity, Practical [PSU]
# name 12 = sigma-t00: Density [sigma-t, kg/m^3 ]
# name 13 = svCM: Sound Velocity [Chen-Millero, m/s]
# name 14 = flag: flag
# span 0 =        188,       1064       
# span 1 = 145.507660, 145.510192       
# span 2 =      1.000,     16.000       
# span 3 =      1.009,     16.148       
# span 4 =    10.9245,    12.3794       
# span 5 =  37.067174,  37.991822       
# span 6 =     0.0026,     1.9246       
# span 7 = 3.1391e+01, 1.6584e+03       
# span 8 =    273.302,    309.816       
# span 9 =    100.184,    109.509       
# span 10 =      1.000,     16.000      
# span 11 =    32.6212,    33.0971      
# span 12 =    24.7394,    25.3068      
# span 13 =    1491.06,    1495.41      
# span 14 = 0.0000e+00, 0.0000e+00      
# interval = meters: 1                  
# start_time = May 25 2023 12:10:15 [Instrument's time stamp, header]
# bad_flag = -9.990e-29
*END*
        188 145.507660      1.000      1.009    12.3794  37.991822     0.0361 1.4011e+03    273.302    100.522      1.000    32.7135    24.7421    1495.41 0.0000e+00
        411 145.508305      2.000      2.018    12.2715  37.868085     0.0060 1.0626e+03    299.297    109.509      2.000    32.6883    24.7431    1495.03 0.0000e+00
        435 145.508375      3.000      3.028    12.0761  37.720129     0.0057 8.1496e+02    299.906    109.029      3.000    32.7163    24.8016    1494.41 0.0000e+00
        461 145.508449      4.000      4.037    11.7500  37.506089     0.0075 5.9393e+02    299.863    108.692      4.000    32.7953    24.9236    1493.40 0.0000e+00
        486 145.508523      5.000      5.046    11.6191  37.438540     0.0118 4.5344e+02    298.736    107.900      5.000    32.8448    24.9861    1493.02 0.0000e+00
        511 145.508593      6.000      6.055    11.4626  37.393213     0.8834 3.4444e+02    299.951    108.185      6.000    32.9391    25.0879    1492.61 0.0000e+00
        534 145.508662      7.000      7.065    11.3432  37.312759     1.9246 2.5411e+02    298.194    106.956      7.000    32.9662    25.1307    1492.24 0.0000e+00
        557 145.508728      8.000      8.074    11.0804  37.138233     1.8609 1.8921e+02    296.546    106.202      8.000    33.0291    25.2267    1491.41 0.0000e+00
        580 145.508794      9.000      9.083    11.0369  37.121748     1.2541 1.4753e+02    296.036    105.985      9.000    33.0515    25.2519    1491.30 0.0000e+00
        603 145.508861     10.000     10.092    11.0171  37.110802     1.0345 1.1660e+02    295.144    105.621     10.000    33.0580    25.2605    1491.26 0.0000e+00
        626 145.508925     11.000     11.101    10.9944  37.097493     0.9164 9.4124e+01    293.260    104.897     11.000    33.0649    25.2699    1491.20 0.0000e+00
        649 145.508991     12.000     12.111    10.9717  37.087759     0.8896 7.6250e+01    290.583    103.904     12.000    33.0752    25.2819    1491.15 0.0000e+00
        672 145.509060     13.000     13.120    10.9526  37.077385     0.8570 6.1736e+01    288.480    103.114     13.000    33.0817    25.2903    1491.11 0.0000e+00
        697 145.509131     14.000     14.129    10.9333  37.069377     0.8141 4.9628e+01    286.262    102.298     14.000    33.0908    25.3008    1491.07 0.0000e+00
        721 145.509203     15.000     15.138    10.9245  37.067174     0.8080 3.9801e+01    283.046    101.145     15.000    33.0961    25.3065    1491.06 0.0000e+00
        758 145.509308     16.000     16.148    10.9274  37.071354     0.6976 3.1391e+01    280.361    100.200     16.000    33.0971    25.3068    1491.09 0.0000e+00
        791 145.509406     15.000     15.138    10.9308  37.073484     0.6659 3.9982e+01    280.310    100.184     15.000    33.0967    25.3059    1491.08 0.0000e+00
        811 145.509461     14.000     14.129    10.9315  37.073393     0.7006 4.9867e+01    281.300    100.548     14.000    33.0964    25.3055    1491.07 0.0000e+00
        830 145.509516     13.000     13.120    10.9375  37.075871     0.7545 6.2307e+01    283.143    101.231     13.000    33.0939    25.3025    1491.07 0.0000e+00
        849 145.509572     12.000     12.111    10.9507  37.081441     0.8220 7.8042e+01    289.169    103.414     12.000    33.0880    25.2955    1491.09 0.0000e+00
        868 145.509625     11.000     11.101    10.9651  37.088308     0.9533 9.6709e+01    290.420    103.892     11.000    33.0821    25.2885    1491.12 0.0000e+00
        886 145.509681     10.000     10.092    10.9811  37.096184     1.0687 1.2097e+02    292.206    104.572     10.000    33.0759    25.2808    1491.15 0.0000e+00
        905 145.509734      9.000      9.083    11.0015  37.107535     1.0562 1.5292e+02    293.137    104.947      9.000    33.0693    25.2720    1491.20 0.0000e+00
        924 145.509790      8.000      8.074    11.0222  37.119365     1.1964 1.9538e+02    294.619    105.517      8.000    33.0628    25.2633    1491.25 0.0000e+00
        944 145.509846      7.000      7.065    11.0427  37.132860     1.8377 2.4937e+02    294.604    105.752      7.000    33.0582    25.2561    1491.30 0.0000e+00
        963 145.509901      6.000      6.055    11.1632  37.230011     1.6457 3.4254e+02    295.994    106.683      6.000    33.0463    25.2253    1491.69 0.0000e+00
        982 145.509957      5.000      5.046    11.3749  37.347765     0.3748 4.5011e+02    295.464    106.824      5.000    32.9732    25.1304    1492.32 0.0000e+00
       1002 145.510015      4.000      4.037    11.5478  37.427462     0.0026 5.9114e+02    294.827    106.900      4.000    32.8977    25.0403    1492.82 0.0000e+00
       1023 145.510075      3.000      3.028    11.7056  37.505250     0.0062 8.1263e+02    293.882    106.821      3.000    32.8342    24.9620    1493.27 0.0000e+00
       1043 145.510134      2.000      2.018    11.8281  37.577151     0.0050 9.9406e+02    293.277    106.939      2.000    32.7964    24.9100    1493.63 0.0000e+00
       1064 145.510192      1.000      1.009    12.0144  37.564024     0.0071 1.6584e+03    309.816    103.654      1.000    32.6212    24.7394    1494.05 0.0000e+00
