Data_manuscript/Scotland/SBE55/c5.cnv
* Sea-Bird SBE 19plus Data File:
* FileName = C:\Data\sbe55_sbe19p_5215\2023-05-25\0037.hex
* Software Version SeatermAF 2.1.4
* Temperature SN = 5215
* Conductivity SN = 5215
* System UpLoad Time = May 25 2023 13:18:50 (localtime) = May 25 2023 13:18:50 (UTC)
* ds
* SeacatPlus V 1.6b  SERIAL NO. 5215    25 May 2023  13:06:23
# nquan = 15                                
# nvalues = 1617                        
# units = specified
# name 0 = scan: Scan Count
# name 1 = timeJ: Julian Days
# name 2 = depSM: Depth [salt water, m], lat = 56.00
# name 3 = prdM: Pressure, Strain Gauge [db]
# name 4 = tv290C: Temperature [ITS-90, deg C]
# name 5 = c0mS/cm: Conductivity [mS/cm]
# name 6 = flECO-AFL: Fluorescence, WET Labs ECO-AFL/FL [mg/m^3]
# name 7 = par/sat/log: PAR/Logarithmic, Satlantic [umol photons/m^2/sec]
# name 8 = sbeox0Mm/L: Oxygen, SBE 43 [umol/l]
# name 9 = sbeox0PS: Oxygen, SBE 43 [% saturation]
# name 10 = depSM: Depth [salt water, m], lat = 56
# name 11 = sal00: Salinity, Practical [PSU]
# name 12 = sigma-t00: Density [sigma-t, kg/m^3 ]
# name 13 = svCM: Sound Velocity [Chen-Millero, m/s]
# name 14 = flag: flag
# span 0 =          1,       1617       
# span 1 = 145.516617, 145.521301       
# span 2 =      0.137,     24.229       
# span 3 =      0.138,     24.453       
# span 4 =    10.9018,    13.0212       
# span 5 =   0.000960,  38.088108       
# span 6 =    -0.0628,     2.0290       
# span 7 = 4.0946e+00, 3.2218e+03       
# span 8 =    202.508,    333.318       
# span 9 =     74.728,    121.201       
# span 10 =      0.137,     24.229      
# span 11 =     0.0068,    33.1179      
# span 12 =    -0.6185,    25.3271      
# span 13 =    1455.68,    1496.21      
# span 14 = 0.0000e+00, 0.0000e+00      
# interval = seconds: 0.25
# start_time = May 25 2023 12:23:56 [Instrument's time stamp, header]
# bad_flag = -9.990e-29
*END*
[from data line 772]
        773 145.518860     13.759     13.886    10.9452  37.089500     0.8437 4.2047e+01    283.537    101.370     13.759    33.1001    25.3060    1491.12 0.0000e+00
        774 145.518860     13.801     13.929    10.9452  37.089451     0.8507 4.1781e+01    283.660    101.414     13.801    33.1001    25.3059    1491.12 0.0000e+00
        775 145.518860     13.844     13.971    10.9452  37.089443     0.8120 4.1772e+01    283.693    101.426     13.844    33.1000    25.3059    1491.12 0.0000e+00
        776 145.518860     13.887     14.015    10.9452  37.089481     0.8051 4.1535e+01    283.935    101.512     13.887    33.1001    25.3060    1491.12 0.0000e+00
        777 145.518860     13.930     14.058    10.9451  37.089565     0.7892 4.1155e+01    284.131    101.582     13.930    33.1002    25.3060    1491.12 0.0000e+00
        778 145.518875     13.973     14.102    10.9451  37.089691     0.7505 4.0574e+01    284.285    101.638     13.973    33.1003    25.3061    1491.12 0.0000e+00
        779 145.518875     14.016     14.145    10.9451  37.089790     0.7465 4.0194e+01    284.445    101.695     14.016    33.1003    25.3062    1491.12 0.0000e+00
        780 145.518875     14.060     14.189    10.9452  37.089798     0.8358 4.0282e+01    284.542    101.730     14.060    33.1003    25.3061    1491.12 0.0000e+00
        781 145.518875     14.103     14.233    10.9452  37.089767     0.8398 3.9644e+01    284.504    101.716     14.103    33.1002    25.3060    1491.12 0.0000e+00
        782 145.518875     14.147     14.278    10.9452  37.089706     1.1234 3.9127e+01    284.556    101.733     14.147    33.1001    25.3060    1491.12 0.0000e+00
        783 145.518890     14.191     14.322    10.9452  37.089676     1.1244 3.8659e+01    284.568    101.737     14.191    33.1001    25.3060    1491.12 0.0000e+00
        784 145.518890     14.235     14.366    10.9451  37.089741     0.7515 3.8609e+01    284.657    101.769     14.235    33.1002    25.3061    1491.12 0.0000e+00
        785 145.518890     14.279     14.411    10.9451  37.089779     0.7555 3.8222e+01    284.546    101.730     14.279    33.1002    25.3061    1491.13 0.0000e+00
        786 145.518890     14.323     14.455    10.9452  37.089722     0.7723 3.7707e+01    284.554    101.733     14.323    33.1001    25.3060    1491.13 0.0000e+00
        787 145.518890     14.367     14.500    10.9451  37.089680     0.7842 3.7330e+01    284.539    101.728     14.367    33.1001    25.3060    1491.13 0.0000e+00
        788 145.518890     14.411     14.544    10.9451  37.089703     0.6999 3.7240e+01    284.461    101.699     14.411    33.1001    25.3060    1491.13 0.0000e+00
        789 145.518906     14.455     14.588    10.9451  37.089752     0.7128 3.6908e+01    284.470    101.703     14.455    33.1002    25.3061    1491.13 0.0000e+00
        790 145.518906     14.499     14.632    10.9451  37.089817     0.7257 3.6387e+01    284.503    101.713     14.499    33.1002    25.3061    1491.13 0.0000e+00
        791 145.518906     14.542     14.676    10.9451  37.089859     0.7168 3.6023e+01    284.092    101.567     14.542    33.1002    25.3061    1491.13 0.0000e+00
        792 145.518906     14.586     14.720    10.9451  37.089890     0.6880 3.5771e+01    283.782    101.456     14.586    33.1003    25.3061    1491.13 0.0000e+00
        793 145.518906     14.629     14.764    10.9450  37.089951     0.6811 3.5437e+01    283.808    101.465     14.629    33.1003    25.3062    1491.13 0.0000e+00
        794 145.518921     14.673     14.808    10.9450  37.089996     0.7128 3.4959e+01    283.625    101.400     14.673    33.1004    25.3062    1491.13 0.0000e+00
        795 145.518921     14.716     14.852    10.9450  37.090004     0.7188 3.4685e+01    283.780    101.455     14.716    33.1003    25.3062    1491.13 0.0000e+00
        796 145.518921     14.760     14.896    10.9451  37.090000     0.7624 3.4421e+01    283.780    101.455     14.760    33.1003    25.3061    1491.13 0.0000e+00
        797 145.518921     14.803     14.939    10.9451  37.089951     0.7644 3.4098e+01    283.761    101.449     14.803    33.1002    25.3061    1491.13 0.0000e+00
        798 145.518921     14.846     14.982    10.9451  37.089890     0.7108 3.3691e+01    283.885    101.492     14.846    33.1001    25.3060    1491.13 0.0000e+00
        799 145.518936     14.888     15.026    10.9450  37.089813     0.7009 3.3404e+01    283.931    101.508     14.888    33.1001    25.3060    1491.14 0.0000e+00
        800 145.518936     14.931     15.069    10.9449  37.089752     0.6841 3.3113e+01    284.077    101.561     14.931    33.1001    25.3060    1491.14 0.0000e+00
        801 145.518936     14.973     15.111    10.9449  37.089783     0.6672 3.2675e+01    283.926    101.507     14.973    33.1002    25.3061    1491.14 0.0000e+00
        802 145.518936     15.016     15.154    10.9448  37.089863     0.6692 3.2284e+01    283.957    101.519     15.016    33.1003    25.3062    1491.14 0.0000e+00
        803 145.518936     15.058     15.197    10.9448  37.089939     0.6890 3.2263e+01    283.815    101.469     15.058    33.1003    25.3062    1491.14 0.0000e+00
        804 145.518951     15.101     15.240    10.9448  37.089981     0.6870 3.1835e+01    283.723    101.435     15.101    33.1003    25.3062    1491.14 0.0000e+00
        805 145.518951     15.143     15.283    10.9448  37.089928     0.8626 3.1613e+01    283.571    101.381     15.143    33.1003    25.3062    1491.14 0.0000e+00
        806 145.518951     15.186     15.326    10.9448  37.089813     0.8576 3.1242e+01    283.692    101.424     15.186    33.1002    25.3061    1491.14 0.0000e+00
        807 145.518951     15.228     15.369    10.9447  37.089687     0.7049 3.1017e+01    283.530    101.366     15.228    33.1001    25.3060    1491.14 0.0000e+00
        808 145.518951     15.271     15.412    10.9446  37.089607     0.7059 3.0666e+01    283.594    101.390     15.271    33.1001    25.3060    1491.14 0.0000e+00
        809 145.518951     15.315     15.456    10.9446  37.089626     0.7317 3.0419e+01    283.425    101.329     15.315    33.1001    25.3061    1491.14 0.0000e+00
        810 145.518967     15.358     15.499    10.9445  37.089680     0.7327 3.0135e+01    283.376    101.311     15.358    33.1002    25.3062    1491.14 0.0000e+00
        811 145.518967     15.401     15.543    10.9445  37.089748     0.6583 2.9957e+01    283.399    101.319     15.401    33.1003    25.3063    1491.14 0.0000e+00
        812 145.518967     15.444     15.587    10.9445  37.089828     0.6484 2.9703e+01    283.333    101.295     15.444    33.1004    25.3063    1491.14 0.0000e+00
        813 145.518967     15.488     15.630    10.9445  37.089802     0.6702 2.9528e+01    283.179    101.240     15.488    33.1003    25.3063    1491.14 0.0000e+00
        814 145.518967     15.531     15.675    10.9444  37.089706     0.6692 2.9098e+01    283.170    101.237     15.531    33.1002    25.3062    1491.14 0.0000e+00
        815 145.518982     15.575     15.719    10.9444  37.089657     0.7128 2.8744e+01    283.098    101.211     15.575    33.1002    25.3062    1491.14 0.0000e+00
        816 145.518982     15.620     15.764    10.9443  37.089649     0.7188 2.8506e+01    282.910    101.144     15.620    33.1002    25.3062    1491.14 0.0000e+00
        817 145.518982     15.664     15.808    10.9443  37.089741     0.7465 2.8258e+01    283.044    101.192     15.664    33.1003    25.3063    1491.15 0.0000e+00
        818 145.518982     15.708     15.852    10.9443  37.089901     0.7426 2.7975e+01    283.044    101.192     15.708    33.1005    25.3065    1491.15 0.0000e+00
        819 145.518982     15.751     15.897    10.9443  37.090034     0.7178 2.7731e+01    283.032    101.188     15.751    33.1006    25.3065    1491.15 0.0000e+00
        820 145.518997     15.795     15.941    10.9444  37.090126     0.7208 2.7472e+01    283.060    101.198     15.795    33.1006    25.3065    1491.15 0.0000e+00
        821 145.518997     15.838     15.985    10.9445  37.090153     0.6960 2.7048e+01    283.161    101.235     15.838    33.1005    25.3064    1491.15 0.0000e+00
        822 145.518997     15.882     16.028    10.9446  37.090134     0.6960 2.6954e+01    283.130    101.224     15.882    33.1004    25.3063    1491.15 0.0000e+00
        823 145.518997     15.924     16.071    10.9446  37.090160     0.6890 2.6579e+01    283.237    101.262     15.924    33.1003    25.3063    1491.15 0.0000e+00
        824 145.518997     15.967     16.114    10.9447  37.090191     0.6781 2.6377e+01    283.243    101.265     15.967    33.1003    25.3062    1491.15 0.0000e+00
        825 145.518997     16.009     16.157    10.9447  37.090179     0.6732 2.6101e+01    283.092    101.210     16.009    33.1003    25.3062    1491.15 0.0000e+00
        826 145.519012     16.051     16.199    10.9447  37.090172     0.7485 2.5845e+01    282.845    101.122     16.051    33.1002    25.3062    1491.15 0.0000e+00
        827 145.519012     16.093     16.242    10.9446  37.090191     0.7515 2.5676e+01    282.607    101.037     16.093    33.1003    25.3062    1491.15 0.0000e+00
        828 145.519012     16.135     16.284    10.9446  37.090233     0.6325 2.5475e+01    282.444    100.978     16.135    33.1003    25.3063    1491.15 0.0000e+00
        829 145.519012     16.177     16.326    10.9445  37.090263     0.6543 2.5264e+01    281.777    100.740     16.177    33.1004    25.3063    1491.16 0.0000e+00
        830 145.519012     16.218     16.368    10.9445  37.090271     0.7813 2.5000e+01    281.059    100.484     16.218    33.1004    25.3064    1491.16 0.0000e+00
        831 145.519028     16.259     16.409    10.9445  37.090279     0.7842 2.4739e+01    281.054    100.482     16.259    33.1005    25.3064    1491.16 0.0000e+00
        832 145.519028     16.300     16.451    10.9444  37.090267     0.8447 2.4540e+01    281.143    100.515     16.300    33.1005    25.3064    1491.16 0.0000e+00
        833 145.519028     16.341     16.492    10.9444  37.090256     0.8249 2.4342e+01    281.210    100.538     16.341    33.1004    25.3064    1491.16 0.0000e+00
        834 145.519028     16.383     16.534    10.9444  37.090260     0.7277 2.4220e+01    281.483    100.636     16.383    33.1004    25.3064    1491.16 0.0000e+00
        835 145.519028     16.424     16.576    10.9444  37.090256     0.7346 2.3936e+01    281.400    100.607     16.424    33.1004    25.3063    1491.16 0.0000e+00
        836 145.519043     16.466     16.618    10.9444  37.090282     0.7317 2.3696e+01    281.028    100.473     16.466    33.1004    25.3063    1491.16 0.0000e+00
        837 145.519043     16.508     16.661    10.9445  37.090359     0.7386 2.3402e+01    282.092    100.853     16.508    33.1004    25.3063    1491.16 0.0000e+00
        838 145.519043     16.551     16.703    10.9446  37.090450     0.6970 2.3270e+01    282.323    100.936     16.551    33.1004    25.3063    1491.16 0.0000e+00
        839 145.519043     16.593     16.746    10.9447  37.090576     0.6930 2.3042e+01    282.540    101.013     16.593    33.1004    25.3063    1491.16 0.0000e+00
        840 145.519043     16.635     16.789    10.9448  37.090672     0.7247 2.2806e+01    281.541    100.657     16.635    33.1004    25.3063    1491.16 0.0000e+00
        841 145.519058     16.678     16.832    10.9449  37.090694     0.7148 2.2588e+01    281.270    100.560     16.678    33.1003    25.3062    1491.16 0.0000e+00
        842 145.519058     16.721     16.875    10.9449  37.090668     0.6970 2.2425e+01    282.002    100.822     16.721    33.1002    25.3061    1491.17 0.0000e+00
        843 145.519058     16.764     16.919    10.9450  37.090607     0.6910 2.2206e+01    281.565    100.666     16.764    33.1001    25.3060    1491.17 0.0000e+00
        844 145.519058     16.808     16.963    10.9450  37.090591     0.6732 2.1954e+01    281.427    100.615     16.808    33.1001    25.3060    1491.17 0.0000e+00
        845 145.519058     16.852     17.007    10.9449  37.090633     0.9578 2.1749e+01    281.147    100.514     16.852    33.1001    25.3060    1491.17 0.0000e+00
        846 145.519058     16.895     17.051    10.9449  37.090736     0.9499 2.1550e+01    281.345    100.584     16.895    33.1002    25.3061    1491.17 0.0000e+00
        847 145.519073     16.939     17.095    10.9450  37.090893     0.8199 2.1306e+01    281.310    100.571     16.939    33.1003    25.3062    1491.17 0.0000e+00
        848 145.519073     16.982     17.139    10.9451  37.091038     0.8150 2.1107e+01    281.649    100.693     16.982    33.1004    25.3062    1491.17 0.0000e+00
        849 145.519073     17.026     17.183    10.9451  37.091164     0.7684 2.0914e+01    281.469    100.629     17.026    33.1004    25.3062    1491.17 0.0000e+00
        850 145.519073     17.069     17.226    10.9452  37.091244     0.7614 2.0741e+01    281.029    100.472     17.069    33.1004    25.3062    1491.17 0.0000e+00
        851 145.519073     17.112     17.270    10.9453  37.091240     0.7713 2.0497e+01    280.911    100.430     17.112    33.1003    25.3061    1491.17 0.0000e+00
        852 145.519089     17.155     17.313    10.9454  37.091183     0.7763 2.0372e+01    280.529    100.293     17.155    33.1001    25.3060    1491.17 0.0000e+00
        853 145.519089     17.198     17.357    10.9454  37.091076     0.6543 2.0168e+01    280.138    100.153     17.198    33.1000    25.3058    1491.17 0.0000e+00
        854 145.519089     17.241     17.400    10.9454  37.090973     0.6345 1.9944e+01    279.879    100.060     17.241    33.0999    25.3058    1491.18 0.0000e+00
        855 145.519089     17.283     17.443    10.9453  37.090977     0.6851 1.9766e+01    279.415     99.894     17.283    33.0999    25.3058    1491.18 0.0000e+00
        856 145.519089     17.325     17.485    10.9453  37.091076     0.6870 1.9569e+01    279.328     99.863     17.325    33.1000    25.3059    1491.18 0.0000e+00
        857 145.519104     17.367     17.528    10.9453  37.091202     0.7654 1.9441e+01    279.174     99.808     17.367    33.1002    25.3060    1491.18 0.0000e+00
        858 145.519104     17.409     17.570    10.9453  37.091293     0.7773 1.9238e+01    279.278     99.845     17.409    33.1002    25.3061    1491.18 0.0000e+00
        859 145.519104     17.451     17.612    10.9453  37.091286     0.7069 1.9041e+01    279.301     99.854     17.451    33.1002    25.3060    1491.18 0.0000e+00
        860 145.519104     17.493     17.655    10.9453  37.091183     0.6979 1.8908e+01    279.459     99.910     17.493    33.1000    25.3059    1491.18 0.0000e+00
        861 145.519104     17.536     17.698    10.9452  37.091011     0.7148 1.8702e+01    279.589     99.957     17.536    33.0999    25.3058    1491.18 0.0000e+00
        862 145.519119     17.579     17.741    10.9450  37.090805     0.7178 1.8527e+01    279.933    100.080     17.579    33.0999    25.3058    1491.18 0.0000e+00
        863 145.519119     17.623     17.785    10.9448  37.090660     0.7079 1.8298e+01    280.403    100.247     17.623    33.0999    25.3059    1491.18 0.0000e+00
        864 145.519119     17.666     17.829    10.9446  37.090595     0.7128 1.8158e+01    280.483    100.276     17.666    33.1000    25.3060    1491.18 0.0000e+00
        865 145.519119     17.710     17.873    10.9444  37.090633     0.6702 1.7937e+01    280.709    100.356     17.710    33.1002    25.3062    1491.18 0.0000e+00
        866 145.519119     17.753     17.917    10.9444  37.090744     0.7059 1.7800e+01    280.609    100.320     17.753    33.1003    25.3063    1491.18 0.0000e+00
        867 145.519119     17.797     17.961    10.9444  37.090820     0.7079 1.7541e+01    280.692    100.350     17.797    33.1004    25.3063    1491.18 0.0000e+00
