Data_manuscript/Scotland/SBE55/c5.cnv
* Sea-Bird SBE 19plus Data File:
* FileName = C:\Data\sbe55_sbe19p_5215\2023-05-25\0037.hex
* Software Version SeatermAF 2.1.4
* Temperature SN = 5215
* Conductivity SN = 5215
* System UpLoad Time = May 25 2023 13:18:50 (localtime) = May 25 2023 13:18:50 (UTC)
* ds
* SeacatPlus V 1.6b  SERIAL NO. 5215    25 May 2023  13:06:23
# nquan = 15                                
# nvalues = 1617                        
# units = specified
# name 0 = scan: Scan Count
# name 1 = timeJ: Julian Days
# name 2 = depSM: Depth [salt water, m], lat = 56.00
# name 3 = prdM: Pressure, Strain Gauge [db]
# name 4 = tv290C: Temperature [ITS-90, deg C]
# name 5 = c0mS/cm: Conductivity [mS/cm]
# name 6 = flECO-AFL: Fluorescence, WET Labs ECO-AFL/FL [mg/m^3]
# name 7 = par/sat/log: PAR/Logarithmic, Satlantic [umol photons/m^2/sec]
# name 8 = sbeox0Mm/L: Oxygen, SBE 43 [umol/l]
# name 9 = sbeox0PS: Oxygen, SBE 43 [% saturation]
# name 10 = depSM: Depth [salt water, m], lat = 56
# name 11 = sal00: Salinity, Practical [PSU]
# name 12 = sigma-t00: Density [sigma-t, kg/m^3 ]
# name 13 = svCM: Sound Velocity [Chen-Millero, m/s]
# name 14 = flag: flag
# span 0 =          1,       1617       
# span 1 = 145.516617, 145.521301       
# span 2 =      0.137,     24.229       
# span 3 =      0.138,     24.453       
# span 4 =    10.9018,    13.0212       
# span 5 =   0.000960,  38.088108       
# span 6 =    -0.0628,     2.0290       
# span 7 = 4.0946e+00, 3.2218e+03       
# span 8 =    202.508,    333.318       
# span 9 =     74.728,    121.201       
# span 10 =      0.137,     24.229      
# span 11 =     0.0068,    33.1179      
# span 12 =    -0.6185,    25.3271      
# span 13 =    1455.68,    1496.21      
# span 14 = 0.0000e+00, 0.0000e+00      
# interval = seconds: 0.25
# start_time = May 25 2023 12:23:56 [Instrument's time stamp, header]
# bad_flag = -9.990e-29
*END*
          1 145.516617      0.137      0.138    13.0212   0.001039     0.0314 1.8820e+03    326.431     99.177      0.137     0.0068    -0.6185    1458.85 0.0000e+00
          2 145.516617      0.137      0.138    13.0211   0.001033     0.0404 1.8952e+03    326.383     99.161      0.137     0.0068    -0.6185    1458.85 0.0000e+00
          3 145.516632      0.138      0.139    13.0209   0.001031     0.0414 1.8762e+03    326.501     99.197      0.138     0.0068    -0.6185    1458.85 0.0000e+00
          4 145.516632      0.138      0.139    13.0208   0.001034     0.0394 1.8931e+03    326.402     99.167      0.138     0.0068    -0.6185    1458.85 0.0000e+00
          5 145.516632      0.138      0.140    13.0206   0.001036     0.0185 1.9161e+03    326.399     99.166      0.138     0.0068    -0.6185    1458.85 0.0000e+00
          6 145.516632      0.138      0.140    13.0204   0.001033     0.0255 1.2756e+03    326.468     99.187      0.138     0.0068    -0.6184    1458.84 0.0000e+00
          7 145.516632      0.139      0.140    13.0202   0.001027     0.0245 1.6538e+03    326.414     99.170      0.139     0.0068    -0.6184    1458.84 0.0000e+00
          8 145.516647      0.139      0.140    13.0199   0.001018     0.0275 3.1553e+02    326.532     99.205      0.139     0.0068    -0.6184    1458.84 0.0000e+00
          9 145.516647      0.139      0.141    13.0197   0.001006     0.0185 6.0298e+02    326.552     99.211      0.139     0.0068    -0.6183    1458.84 0.0000e+00
         10 145.516647      0.140      0.141    13.0194   0.000990     0.0185 1.7901e+03    326.341     99.146      0.140     0.0068    -0.6183    1458.84 0.0000e+00
         11 145.516647      0.140      0.142    13.0191   0.000975     0.0255 1.8787e+03    326.418     99.169      0.140     0.0068    -0.6183    1458.84 0.0000e+00
         12 145.516647      0.141      0.142    13.0188   0.000966     0.0225 1.8209e+03    326.497     99.192      0.141     0.0068    -0.6182    1458.84 0.0000e+00
         13 145.516663      0.141      0.142    13.0185   0.000963     0.0175 1.1586e+03    326.661     99.241      0.141     0.0068    -0.6182    1458.84 0.0000e+00
         14 145.516663      0.142      0.143    13.0183   0.000963     0.0265 9.4103e+02    326.662     99.241      0.142     0.0068    -0.6182    1458.84 0.0000e+00
         15 145.516663      0.142      0.143    13.0181   0.000960     0.0215 7.2729e+02    326.340     99.143      0.142     0.0068    -0.6182    1458.84 0.0000e+00
         16 145.516663      0.143      0.144    13.0179   0.000961     0.0136 3.0736e+02    326.460     99.178      0.143     0.0068    -0.6181    1458.84 0.0000e+00
         17 145.516663      0.143      0.144    13.0178   0.000967     0.0175 2.9543e+02    326.654     99.237      0.143     0.0068    -0.6181    1458.84 0.0000e+00
         18 145.516663      0.143      0.145    13.0177   0.000972     0.0374 3.1810e+02    326.778     99.274      0.143     0.0068    -0.6181    1458.83 0.0000e+00
         19 145.516678      0.144      0.145    13.0176   0.000979     0.0205 5.8084e+02    326.686     99.246      0.144     0.0068    -0.6181    1458.83 0.0000e+00
         20 145.516678      0.144      0.145    13.0175   0.000982     0.0195 9.3222e+02    326.673     99.241      0.144     0.0068    -0.6181    1458.83 0.0000e+00
         21 145.516678      0.144      0.145    13.0174   0.000976     0.0205 9.6605e+02    326.697     99.248      0.144     0.0068    -0.6181    1458.83 0.0000e+00
         22 145.516678      0.144      0.145    13.0173   0.000967     0.0116 1.0482e+03    326.750     99.264      0.144     0.0068    -0.6181    1458.83 0.0000e+00
         23 145.516678      0.144      0.145    13.0172   0.000962     0.0037 1.8320e+03    326.804     99.280      0.144     0.0068    -0.6180    1458.83 0.0000e+00
         24 145.516693      0.144      0.145    13.0171   0.000968     0.0245 1.8750e+03    326.723     99.255      0.144     0.0068    -0.6180    1458.83 0.0000e+00
         25 145.516693      0.144      0.146    13.0169   0.000981     0.0156 1.8738e+03    326.705     99.249      0.144     0.0068    -0.6180    1458.83 0.0000e+00
         26 145.516693      0.145      0.146    13.0167   0.000997     0.0265 1.8799e+03    326.714     99.250      0.145     0.0068    -0.6180    1458.83 0.0000e+00
         27 145.516693      0.145      0.146    13.0165   0.001022     0.0166 1.8783e+03    326.881     99.300      0.145     0.0068    -0.6179    1458.83 0.0000e+00
         28 145.516693      0.145      0.146    13.0162   0.001066     0.0215 1.8689e+03    326.908     99.307      0.145     0.0068    -0.6179    1458.83 0.0000e+00
         29 145.516708      0.145      0.147    13.0160   0.001147     0.0146 1.8685e+03    327.000     99.333      0.145     0.0069    -0.6179    1458.83 0.0000e+00
         30 145.516708      0.146      0.147    13.0157   0.001288     0.0314 1.8664e+03    326.827     99.279      0.146     0.0069    -0.6178    1458.83 0.0000e+00
         31 145.516708      0.146      0.148    13.0154   0.001524     0.0235 1.8697e+03    326.990     99.328      0.146     0.0070    -0.6177    1458.83 0.0000e+00
         32 145.516708      0.147      0.148    13.0152   0.001925     0.0215 1.8709e+03    326.876     99.291      0.147     0.0071    -0.6176    1458.83 0.0000e+00
         33 145.516708      0.147      0.149    13.0149   0.002606     0.0086 1.8685e+03    313.252     99.333      0.147     0.0073    -0.6173    1458.83 0.0000e+00
         34 145.516708      0.148      0.149    13.0146   0.003743     0.0225 1.8615e+03    276.063     99.332      0.148     0.0078    -0.6169    1458.82 0.0000e+00
         35 145.516724      0.148      0.150    13.0143   0.005636     0.0086 1.8611e+03    268.245     99.374      0.148     0.0086    -0.6162    1458.82 0.0000e+00
         36 145.516724      0.149      0.150    13.0141   0.008797     0.0166 1.8587e+03    268.341     99.338      0.149     0.0102    -0.6150    1458.83 0.0000e+00
         37 145.516724      0.150      0.152    13.0138   0.014082     0.0245 1.8465e+03    268.752     99.451      0.150     0.0129    -0.6129    1458.83 0.0000e+00
         38 145.516724      0.152      0.153    13.0136   0.022908     0.0185 1.8377e+03    269.560     99.725      0.152     0.0176    -0.6091    1458.83 0.0000e+00
         39 145.516724      0.153      0.155    13.0133   0.037623     0.0225 1.8417e+03    271.035    100.235      0.153     0.0259    -0.6026    1458.84 0.0000e+00
         40 145.516739      0.155      0.156    13.0130   0.062145     0.0156 1.8409e+03    273.152    100.971      0.155     0.0402    -0.5914    1458.86 0.0000e+00
         41 145.516739      0.157      0.159    13.0126   0.103007     0.0126 9.5179e+02    275.923    101.979      0.157     0.0647    -0.5723    1458.89 0.0000e+00
         42 145.516739      0.160      0.162    13.0121   0.171098     0.0255 4.7321e+02    279.151    103.213      0.160     0.1065    -0.5395    1458.94 0.0000e+00
         43 145.516739      0.165      0.166    13.0113   0.284582     0.0215 1.7776e+03    283.093    104.690      0.165     0.1781    -0.4836    1459.02 0.0000e+00
         44 145.516739      0.170      0.171    13.0101   0.473730     0.0185 1.2426e+03    287.338    106.247      0.170     0.3004    -0.3881    1459.17 0.0000e+00
         45 145.516754      0.176      0.178    13.0083   0.788979     0.0156 1.8907e+03    291.490    107.761      0.176     0.5095    -0.2251    1459.42 0.0000e+00
         46 145.516754      0.185      0.187    13.0055   1.314391    -0.0013 1.8824e+03    294.933    109.017      0.185     0.8681     0.0541    1459.84 0.0000e+00
         47 145.516754      0.196      0.198    13.0013   2.190089     0.0324 1.8849e+03    297.611    109.984      0.196     1.4849     0.5333    1460.58 0.0000e+00
         48 145.516754      0.211      0.213    12.9946   3.649602     0.0235 1.8820e+03    299.409    110.630      0.211     2.5496     1.3589    1461.84 0.0000e+00
         49 145.516754      0.230      0.232    12.9839   6.082138     0.0195 1.8681e+03    300.033    110.849      0.230     4.3953     2.7869    1464.01 0.0000e+00
         50 145.516769      0.254      0.256    12.9665  10.136373     0.0156 1.8252e+03    300.097    110.870      0.254     7.6094     5.2684    1467.77 0.0000e+00
         51 145.516769      0.284      0.287    12.9383  16.272762     0.0156 1.8746e+03    299.211    110.541      0.284    12.7085     9.2000    1473.69 0.0000e+00
         52 145.516769      0.324      0.327    12.8983  23.314034     0.0304 1.8697e+03    298.250    110.183      0.324    18.8286    13.9201    1480.76 0.0000e+00
         53 145.516769      0.373      0.376    12.8536  29.024923     0.0215 1.8607e+03    296.851    109.663      0.373    23.9782    17.8986    1486.67 0.0000e+00
         54 145.516769      0.433      0.437    12.8130  32.660439     0.0235 1.8457e+03    294.881    108.931      0.433    27.3437    20.5048    1490.51 0.0000e+00
         55 145.516769      0.501      0.505    12.7801  34.841312     0.0136 3.3196e+02    292.252    107.955      0.501    29.3987    22.0996    1492.83 0.0000e+00
         56 145.516785      0.575      0.580    12.7543  36.147709     0.0265 1.1365e+03    289.694    106.995      0.575    30.6456    23.0690    1494.22 0.0000e+00
         57 145.516785      0.653      0.659    12.7341  36.928608     0.2705 1.3883e+03    286.229    105.695      0.653    31.3990    23.6560    1495.04 0.0000e+00
         58 145.516785      0.731      0.738    12.7186  37.396519     0.2774 1.8697e+03    282.275    104.216      0.731    31.8549    24.0119    1495.53 0.0000e+00
         59 145.516785      0.808      0.815    12.7079  37.681602     0.0106 2.0109e+03    277.528    102.442      0.808    32.1343    24.2304    1495.83 0.0000e+00
         60 145.516785      0.880      0.888    12.7013  37.858250     0.0195 1.4584e+03    271.854    100.331      0.880    32.3076    24.3659    1496.01 0.0000e+00
         61 145.516800      0.946      0.954    12.6976  37.963360     0.0225 1.3750e+03    265.499     97.972      0.946    32.4107    24.4464    1496.12 0.0000e+00
         62 145.516800      1.001      1.010    12.6952  38.018852     0.0195 1.9388e+03    259.077     95.589      1.001    32.4655    24.4893    1496.18 0.0000e+00
         63 145.516800      1.045      1.055    12.6926  38.044502     1.4111 1.8417e+03    253.126     93.372      1.045    32.4920    24.5104    1496.21 0.0000e+00
         64 145.516800      1.079      1.089    12.6887  38.055672     1.3932 6.4811e+02    247.627     91.321      1.079    32.5060    24.5220    1496.21 0.0000e+00
         65 145.516800      1.106      1.116    12.6835  38.060806     0.0146 8.8339e+02    243.252     89.692      1.106    32.5154    24.5303    1496.20 0.0000e+00
         66 145.516815      1.126      1.136    12.6777  38.063808     0.0245 1.4945e+03    239.816     88.414      1.126    32.5233    24.5375    1496.19 0.0000e+00
         67 145.516815      1.141      1.152    12.6722  38.066597     0.0304 2.1814e+03    237.506     87.552      1.141    32.5307    24.5443    1496.18 0.0000e+00
         68 145.516815      1.154      1.164    12.6672  38.069992     0.0304 1.0991e+03    235.429     86.777      1.154    32.5382    24.5511    1496.18 0.0000e+00
         69 145.516815      1.163      1.174    12.6625  38.074139     0.0037 1.9056e+03    233.907     86.207      1.163    32.5462    24.5582    1496.17 0.0000e+00
         70 145.516815      1.171      1.182    12.6575  38.078793     0.0106 2.6133e+03    232.580     85.712      1.171    32.5550    24.5660    1496.16 0.0000e+00
         71 145.516830      1.178      1.188    12.6521  38.083271     0.0185 6.8423e+02    231.079     85.155      1.178    32.5638    24.5739    1496.16 0.0000e+00
         72 145.516830      1.183      1.194    12.6463  38.086655    -0.0241 8.2223e+02    229.776     84.673      1.183    32.5721    24.5814    1496.15 0.0000e+00
         73 145.516830      1.188      1.198    12.6399  38.088108    -0.0241 2.0079e+03    228.584     84.231      1.188    32.5791    24.5880    1496.13 0.0000e+00
         74 145.516830      1.192      1.202    12.6326  38.087086     0.2447 1.5631e+03    227.305     83.759      1.192    32.5844    24.5935    1496.11 0.0000e+00
         75 145.516830      1.195      1.206    12.6245  38.084236     0.2348 8.9271e+02    226.356     83.410      1.195    32.5887    24.5985    1496.09 0.0000e+00
         76 145.516830      1.199      1.210    12.6155  38.080830     0.0661 2.7967e+03    225.322     83.033      1.199    32.5932    24.6037    1496.07 0.0000e+00
         77 145.516846      1.202      1.213    12.6061  38.077301     0.0562 1.6484e+03    224.622     82.782      1.202    32.5979    24.6092    1496.04 0.0000e+00
         78 145.516846      1.205      1.216    12.5969  38.073212     0.0324 2.3426e+03    223.816     82.491      1.205    32.6020    24.6141    1496.02 0.0000e+00
         79 145.516846      1.208      1.219    12.5882  38.067871     0.0294 1.4365e+03    223.262     82.290      1.208    32.6045    24.6177    1495.99 0.0000e+00
         80 145.516846      1.211      1.222    12.5799  38.060513     0.0304 1.3219e+03    223.099     82.237      1.211    32.6046    24.6194    1495.96 0.0000e+00
         81 145.516846      1.214      1.225    12.5720  38.051090     0.0116 1.2748e+03    223.040     82.226      1.214    32.6025    24.6192    1495.93 0.0000e+00
         82 145.516861      1.216      1.228    12.5645  38.041088     0.0205 1.0530e+03    223.442     82.385      1.216    32.5994    24.6183    1495.90 0.0000e+00
         83 145.516861      1.219      1.230    12.5574  38.032436     0.0255 1.0574e+03    223.694     82.488      1.219    32.5973    24.6180    1495.88 0.0000e+00
         84 145.516861      1.221      1.232    12.5508  38.025883     0.0255 1.7741e+03    224.353     82.739      1.221    32.5968    24.6189    1495.85 0.0000e+00
         85 145.516861      1.223      1.235    12.5447  38.021206     0.0156 6.8934e+02    224.768     82.898      1.223    32.5977    24.6208    1495.83 0.0000e+00
         86 145.516861      1.226      1.237    12.5390  38.018017     0.0255 1.6930e+03    225.281     83.091      1.226    32.5995    24.6233    1495.82 0.0000e+00
         87 145.516876      1.228      1.239    12.5340  38.016052     0.0235 1.5123e+03    225.639     83.227      1.228    32.6020    24.6262    1495.80 0.0000e+00
         88 145.516876      1.229      1.241    12.5297  38.015129     0.0205 8.7149e+02    225.652     83.235      1.229    32.6048    24.6292    1495.79 0.0000e+00
         89 145.516876      1.231      1.242    12.5265  38.014862     0.0215 1.2046e+03    225.768     83.280      1.231    32.6074    24.6318    1495.78 0.0000e+00
         90 145.516876      1.233      1.244    12.5243  38.014675     0.0195 1.1858e+03    225.244     83.088      1.233    32.6091    24.6335    1495.78 0.0000e+00
         91 145.516876      1.234      1.245    12.5232  38.014217     0.0225 1.2139e+03    224.727     82.895      1.234    32.6096    24.6341    1495.78 0.0000e+00
         92 145.516876      1.235      1.247    12.5233  38.013683     0.0215 3.1272e+02    224.210     82.703      1.235    32.6090    24.6336    1495.78 0.0000e+00
         93 145.516891      1.236      1.248    12.5245  38.013538     0.0185 3.0137e+02    223.592     82.474      1.236    32.6078    24.6325    1495.78 0.0000e+00
         94 145.516891      1.238      1.249    12.5267  38.013977     0.0225 3.1422e+02    222.990     82.252      1.238    32.6063    24.6309    1495.78 0.0000e+00
         95 145.516891      1.239      1.250    12.5299  38.014774     0.0185 2.9894e+02    222.281     81.992      1.239    32.6044    24.6288    1495.79 0.0000e+00
         96 145.516891      1.240      1.251    12.5337  38.015530     0.0156 2.8859e+02    221.636     81.757      1.240    32.6018    24.6260    1495.80 0.0000e+00
