Data_manuscript/Scotland/SBE55/c5.cnv
* Sea-Bird SBE 19plus Data File:
* FileName = C:\Data\sbe55_sbe19p_5215\2023-05-25\0037.hex
* Software Version SeatermAF 2.1.4
* Temperature SN = 5215
* Conductivity SN = 5215
* System UpLoad Time = May 25 2023 13:18:50 (localtime) = May 25 2023 13:18:50 (UTC)
* ds
* SeacatPlus V 1.6b  SERIAL NO. 5215    25 May 2023  13:06:23
# nquan = 15                                
# nvalues = 1617                        
# units = specified
# name 0 = scan: Scan Count
# name 1 = timeJ: Julian Days
# name 2 = depSM: Depth [salt water, m], lat = 56.00
# name 3 = prdM: Pressure, Strain Gauge [db]
# name 4 = tv290C: Temperature [ITS-90, deg C]
# name 5 = c0mS/cm: Conductivity [mS/cm]
# name 6 = flECO-AFL: Fluorescence, WET Labs ECO-AFL/FL [mg/m^3]
# name 7 = par/sat/log: PAR/Logarithmic, Satlantic [umol photons/m^2/sec]
# name 8 = sbeox0Mm/L: Oxygen, SBE 43 [umol/l]
# name 9 = sbeox0PS: Oxygen, SBE 43 [% saturation]
# name 10 = depSM: Depth [salt water, m], lat = 56
# name 11 = sal00: Salinity, Practical [PSU]
# name 12 = sigma-t00: Density [sigma-t, kg/m^3 ]
# name 13 = svCM: Sound Velocity [Chen-Millero, m/s]
# name 14 = flag: flag
# span 0 =          1,       1617       
# span 1 = 145.516617, 145.521301       
# span 2 =      0.137,     24.229       
# span 3 =      0.138,     24.453       
# span 4 =    10.9018,    13.0212       
# span 5 =   0.000960,  38.088108       
# span 6 =    -0.0628,     2.0290       
# span 7 = 4.0946e+00, 3.2218e+03       
# span 8 =    202.508,    333.318       
# span 9 =     74.728,    121.201       
# span 10 =      0.137,     24.229      
# span 11 =     0.0068,    33.1179      
# span 12 =    -0.6185,    25.3271      
# span 13 =    1455.68,    1496.21      
# span 14 = 0.0000e+00, 0.0000e+00      
# interval = seconds: 0.25
# start_time = May 25 2023 12:23:56 [Instrument's time stamp, header]
# bad_flag = -9.990e-29
*END*
[from data line 97]
         98 145.516907      1.241      1.252    12.5435  38.016773     0.0185 1.1373e+03    220.815     81.462      1.241    32.5945    24.6185    1495.83 0.0000e+00
         99 145.516907      1.241      1.252    12.5493  38.017799     0.0205 1.7308e+03    220.734     81.435      1.241    32.5904    24.6142    1495.84 0.0000e+00
        100 145.516907      1.241      1.252    12.5553  38.019180     0.0225 9.4619e+02    220.871     81.487      1.241    32.5865    24.6100    1495.86 0.0000e+00
        101 145.516907      1.240      1.252    12.5611  38.020607     0.0225 1.2557e+03    221.040     81.552      1.240    32.5828    24.6061    1495.87 0.0000e+00
        102 145.516907      1.240      1.251    12.5663  38.021706     0.0185 2.9032e+03    221.166     81.600      1.240    32.5794    24.6024    1495.89 0.0000e+00
        103 145.516922      1.240      1.251    12.5709  38.022373     0.0175 1.0704e+03    221.419     81.695      1.240    32.5761    24.5990    1495.90 0.0000e+00
        104 145.516922      1.240      1.252    12.5746  38.022842     0.0235 8.1954e+02    221.629     81.775      1.240    32.5733    24.5961    1495.91 0.0000e+00
        105 145.516922      1.241      1.252    12.5775  38.023430     0.0314 1.7846e+03    221.709     81.807      1.241    32.5714    24.5941    1495.91 0.0000e+00
        106 145.516922      1.242      1.253    12.5796  38.024155     0.0225 1.6244e+03    221.896     81.879      1.242    32.5702    24.5928    1495.92 0.0000e+00
        107 145.516922      1.243      1.254    12.5812  38.024696     0.0245 5.7983e+02    221.897     81.882      1.243    32.5694    24.5918    1495.92 0.0000e+00
        108 145.516937      1.244      1.255    12.5822  38.024757     0.0195 1.4024e+03    222.086     81.954      1.244    32.5685    24.5910    1495.93 0.0000e+00
        109 145.516937      1.244      1.256    12.5829  38.024384     0.0146 1.9384e+03    222.220     82.006      1.244    32.5676    24.5901    1495.93 0.0000e+00
        110 145.516937      1.245      1.256    12.5833  38.023960     0.0175 8.3309e+02    222.189     81.996      1.245    32.5668    24.5894    1495.93 0.0000e+00
        111 145.516937      1.245      1.256    12.5837  38.023838     0.0205 1.2942e+03    222.188     81.997      1.245    32.5664    24.5890    1495.93 0.0000e+00
        112 145.516937      1.245      1.256    12.5843  38.024109     0.0166 1.8944e+03    222.162     81.988      1.245    32.5661    24.5887    1495.93 0.0000e+00
        113 145.516937      1.245      1.256    12.5852  38.024746    -0.0033 1.5910e+03    221.825     81.865      1.245    32.5659    24.5884    1495.93 0.0000e+00
        114 145.516953      1.245      1.257    12.5865  38.025658     0.0175 9.4495e+02    221.393     81.710      1.245    32.5656    24.5879    1495.94 0.0000e+00
        115 145.516953      1.246      1.257    12.5882  38.026695     0.0324 1.7270e+03    220.846     81.515      1.246    32.5652    24.5873    1495.94 0.0000e+00
        116 145.516953      1.247      1.258    12.5899  38.027676     0.0314 8.8358e+02    220.042     81.224      1.247    32.5646    24.5865    1495.95 0.0000e+00
        117 145.516953      1.247      1.259    12.5918  38.028400     0.0245 7.4876e+02    219.253     80.938      1.247    32.5637    24.5854    1495.95 0.0000e+00
        118 145.516953      1.248      1.260    12.5936  38.028778     0.0294 1.1708e+03    218.691     80.733      1.248    32.5625    24.5841    1495.96 0.0000e+00
        119 145.516968      1.249      1.260    12.5954  38.028934     0.0146 1.2112e+03    218.019     80.487      1.249    32.5611    24.5827    1495.96 0.0000e+00
        120 145.516968      1.249      1.260    12.5972  38.029057     0.0245 5.0354e+02    217.494     80.295      1.249    32.5597    24.5812    1495.97 0.0000e+00
        121 145.516968      1.249      1.261    12.5989  38.029236     0.0136 7.6749e+02    217.143     80.166      1.249    32.5583    24.5799    1495.97 0.0000e+00
        122 145.516968      1.249      1.261    12.6007  38.029507     0.0086 5.2079e+02    216.499     79.928      1.249    32.5571    24.5785    1495.98 0.0000e+00
        123 145.516968      1.250      1.261    12.6025  38.029896     0.0175 6.0562e+02    215.989     79.739      1.250    32.5559    24.5773    1495.98 0.0000e+00
        124 145.516983      1.250      1.262    12.6042  38.030403     0.0185 1.0711e+03    215.104     79.410      1.250    32.5549    24.5762    1495.98 0.0000e+00
        125 145.516983      1.251      1.262    12.6059  38.031017     0.0225 5.0741e+02    214.437     79.162      1.251    32.5540    24.5752    1495.99 0.0000e+00
        126 145.516983      1.251      1.262    12.6075  38.031673     0.0195 5.3300e+02    213.649     78.868      1.251    32.5533    24.5743    1495.99 0.0000e+00
        127 145.516983      1.251      1.263    12.6090  38.032272     0.0195 5.9071e+02    212.897     78.587      1.251    32.5525    24.5734    1496.00 0.0000e+00
        128 145.516983      1.251      1.263    12.6106  38.032677     0.0255 5.2824e+02    212.314     78.369      1.251    32.5515    24.5723    1496.00 0.0000e+00
        129 145.516998      1.251      1.262    12.6122  38.032780     0.0215 5.8556e+02    211.827     78.187      1.251    32.5502    24.5710    1496.01 0.0000e+00
        130 145.516998      1.251      1.262    12.6140  38.032707     0.0185 9.0529e+02    211.577     78.093      1.251    32.5486    24.5694    1496.01 0.0000e+00
        131 145.516998      1.250      1.262    12.6163  38.032745     0.0096 1.4796e+03    211.387     78.022      1.250    32.5467    24.5675    1496.02 0.0000e+00
        132 145.516998      1.251      1.262    12.6190  38.033043     0.0156 9.3692e+02    211.146     77.932      1.251    32.5446    24.5653    1496.02 0.0000e+00
        133 145.516998      1.251      1.262    12.6220  38.033627     0.0185 8.4465e+02    210.973     77.869      1.251    32.5425    24.5632    1496.03 0.0000e+00
        134 145.516998      1.251      1.263    12.6250  38.034489     0.0275 1.0609e+03    210.730     77.780      1.251    32.5408    24.5613    1496.04 0.0000e+00
        135 145.517014      1.252      1.263    12.6275  38.035538     0.0285 9.8504e+02    210.049     77.532      1.252    32.5396    24.5598    1496.05 0.0000e+00
        136 145.517014      1.252      1.264    12.6295  38.036659    -0.0013 1.1708e+03    209.482     77.324      1.252    32.5390    24.5590    1496.05 0.0000e+00
        137 145.517014      1.252      1.264    12.6308  38.037731     0.0195 1.7858e+03    209.000     77.147      1.252    32.5388    24.5586    1496.06 0.0000e+00
        138 145.517014      1.252      1.264    12.6317  38.038570     0.0255 8.3037e+02    208.266     76.875      1.252    32.5389    24.5585    1496.06 0.0000e+00
        139 145.517014      1.252      1.264    12.6320  38.039036     0.0275 8.6220e+02    207.533     76.604      1.252    32.5391    24.5586    1496.06 0.0000e+00
        140 145.517029      1.252      1.264    12.6319  38.039124     0.0285 9.4247e+02    206.985     76.401      1.252    32.5392    24.5587    1496.06 0.0000e+00
        141 145.517029      1.252      1.263    12.6314  38.038979     0.0285 1.3729e+03    206.577     76.250      1.252    32.5395    24.5590    1496.06 0.0000e+00
        142 145.517029      1.252      1.263    12.6304  38.038830     0.0126 1.7153e+03    206.534     76.231      1.252    32.5403    24.5598    1496.06 0.0000e+00
        143 145.517029      1.252      1.264    12.6290  38.038754     0.0205 1.6258e+03    206.358     76.163      1.252    32.5414    24.5609    1496.05 0.0000e+00
        144 145.517029      1.253      1.264    12.6273  38.038738     0.0205 1.4479e+03    206.289     76.133      1.253    32.5429    24.5624    1496.05 0.0000e+00
        145 145.517044      1.254      1.265    12.6254  38.038788     0.0245 9.8375e+02    205.957     76.007      1.254    32.5445    24.5641    1496.04 0.0000e+00
        146 145.517044      1.254      1.266    12.6236  38.038864     0.0185 1.1483e+03    205.670     75.898      1.254    32.5462    24.5657    1496.04 0.0000e+00
        147 145.517044      1.255      1.266    12.6221  38.038876     0.0175 1.7893e+03    205.283     75.754      1.255    32.5475    24.5670    1496.04 0.0000e+00
        148 145.517044      1.255      1.266    12.6210  38.038731     0.0215 1.0888e+03    204.864     75.600      1.255    32.5483    24.5678    1496.03 0.0000e+00
        149 145.517044      1.255      1.266    12.6205  38.038330     0.0195 1.3518e+03    204.458     75.449      1.255    32.5484    24.5680    1496.03 0.0000e+00
        150 145.517044      1.255      1.266    12.6204  38.037689     0.0126 1.0062e+03    204.169     75.341      1.255    32.5478    24.5675    1496.03 0.0000e+00
        151 145.517059      1.254      1.266    12.6208  38.037022     0.0195 6.3520e+02    203.662     75.154      1.254    32.5468    24.5667    1496.03 0.0000e+00
        152 145.517059      1.254      1.266    12.6215  38.036549     0.0265 9.9631e+02    203.369     75.049      1.254    32.5458    24.5658    1496.03 0.0000e+00
        153 145.517059      1.255      1.266    12.6222  38.036327     0.0235 8.7263e+02    203.020     74.923      1.255    32.5450    24.5650    1496.03 0.0000e+00
        154 145.517059      1.255      1.266    12.6227  38.036327     0.0146 6.4415e+02    202.589     74.761      1.255    32.5445    24.5646    1496.04 0.0000e+00
        155 145.517059      1.255      1.266    12.6229  38.036453     0.0136 5.7528e+02    202.508     74.728      1.255    32.5445    24.5645    1496.04 0.0000e+00
        156 145.517075      1.255      1.266    12.6226  38.036621     0.0314 1.3150e+03    203.719     75.173      1.255    32.5449    24.5649    1496.04 0.0000e+00
        157 145.517075      1.255      1.266    12.6221  38.036804     0.0215 1.5343e+03    208.361     76.887      1.255    32.5455    24.5655    1496.03 0.0000e+00
        158 145.517075      1.255      1.266    12.6212  38.036949     0.0215 4.6389e+02    218.856     80.766      1.255    32.5464    24.5664    1496.03 0.0000e+00
        159 145.517075      1.255      1.266    12.6199  38.036942     0.0007 7.5220e+02    235.194     86.806      1.255    32.5475    24.5674    1496.03 0.0000e+00
        160 145.517075      1.255      1.267    12.6182  38.036686     0.0265 8.5712e+02    254.611     93.978      1.255    32.5487    24.5687    1496.03 0.0000e+00
        161 145.517090      1.256      1.267    12.6163  38.036232     0.0205 4.6531e+02    275.501    101.691      1.256    32.5500    24.5701    1496.02 0.0000e+00
        162 145.517090      1.256      1.267    12.6142  38.035702     0.0195 8.3583e+02    294.588    108.732      1.256    32.5513    24.5715    1496.01 0.0000e+00
        163 145.517090      1.256      1.268    12.6122  38.035221     0.0215 8.9408e+02    310.218    114.495      1.256    32.5526    24.5729    1496.01 0.0000e+00
        164 145.517090      1.257      1.268    12.6105  38.034790     0.0255 5.5952e+02    321.322    118.587      1.257    32.5536    24.5739    1496.01 0.0000e+00
        165 145.517090      1.257      1.268    12.6094  38.034283     0.0215 5.3686e+02    327.283    120.781      1.257    32.5541    24.5746    1496.00 0.0000e+00
        166 145.517105      1.256      1.268    12.6088  38.033463     0.0275 9.5617e+02    328.424    121.201      1.256    32.5538    24.5745    1496.00 0.0000e+00
        167 145.517105      1.256      1.267    12.6087  38.032131     0.0185 5.9538e+02    326.476    120.481      1.256    32.5527    24.5736    1496.00 0.0000e+00
        168 145.517105      1.255      1.267    12.6091  38.030273     0.0215 1.6874e+03    323.231    119.284      1.255    32.5506    24.5719    1496.00 0.0000e+00
        169 145.517105      1.255      1.266    12.6100  38.027969     0.0255 4.2059e+02    319.070    117.751      1.255    32.5475    24.5693    1496.00 0.0000e+00
        170 145.517105      1.254      1.266    12.6115  38.025078     0.0205 1.1837e+03    314.971    116.243      1.254    32.5435    24.5659    1496.00 0.0000e+00
        171 145.517105      1.254      1.266    12.6134  38.021172     0.0106 5.1942e+02    311.263    114.880      1.254    32.5382    24.5614    1496.00 0.0000e+00
        172 145.517120      1.254      1.266    12.6153  38.016220     0.0304 1.2385e+03    308.477    113.854      1.254    32.5318    24.5562    1496.00 0.0000e+00
        173 145.517120      1.254      1.266    12.6169  38.011593     0.0185 4.1784e+02    306.564    113.148      1.254    32.5260    24.5513    1495.99 0.0000e+00
        174 145.517120      1.254      1.265    12.6184  38.008888     0.0106 1.1525e+03    305.002    112.571      1.254    32.5221    24.5481    1495.99 0.0000e+00
        175 145.517120      1.254      1.265    12.6201  38.008049    -0.0033 9.4598e+02    303.946    112.181      1.254    32.5199    24.5460    1496.00 0.0000e+00
        176 145.517120      1.253      1.265    12.6225  38.007969     0.0195 2.0572e+03    303.248    111.925      1.253    32.5177    24.5439    1496.00 0.0000e+00
        177 145.517136      1.253      1.264    12.6253  38.007713     0.0185 6.2295e+02    302.939    111.812      1.253    32.5151    24.5413    1496.01 0.0000e+00
        178 145.517136      1.252      1.263    12.6277  38.006893     0.0096 9.1906e+02    302.765    111.738      1.252    32.5122    24.5386    1496.01 0.0000e+00
        179 145.517136      1.251      1.263    12.6291  38.005718     0.0066 1.1711e+03    302.389    111.580      1.251    32.5099    24.5365    1496.02 0.0000e+00
        180 145.517136      1.251      1.263    12.6292  38.004433     0.0195 1.4365e+03    301.585    111.272      1.251    32.5085    24.5354    1496.01 0.0000e+00
        181 145.517136      1.251      1.262    12.6284  38.003277     0.0314 8.7512e+02    300.838    110.996      1.251    32.5081    24.5352    1496.01 0.0000e+00
        182 145.517151      1.251      1.262    12.6272  38.002518    -0.0142 6.3464e+02    300.095    110.710      1.251    32.5085    24.5358    1496.01 0.0000e+00
        183 145.517151      1.250      1.262    12.6259  38.002155     0.0175 1.3530e+03    299.389    110.420      1.250    32.5092    24.5366    1496.00 0.0000e+00
        184 145.517151      1.250      1.262    12.6250  38.002125     0.0136 2.3986e+03    298.986    110.237      1.250    32.5100    24.5373    1496.00 0.0000e+00
        185 145.517151      1.250      1.261    12.6245  38.002407     0.0255 5.6419e+02    298.481    110.043      1.250    32.5106    24.5380    1496.00 0.0000e+00
        186 145.517151      1.249      1.261    12.6245  38.002998     0.0136 1.7456e+03    298.037    109.879      1.249    32.5112    24.5384    1496.00 0.0000e+00
        187 145.517166      1.249      1.261    12.6250  38.003761     0.0116 8.4060e+02    297.643    109.732      1.249    32.5115    24.5386    1496.00 0.0000e+00
        188 145.517166      1.249      1.261    12.6259  38.004391     0.0175 2.8065e+03    297.232    109.590      1.249    32.5114    24.5383    1496.01 0.0000e+00
        189 145.517166      1.249      1.261    12.6270  38.004658     0.0166 1.6505e+03    297.113    109.573      1.249    32.5107    24.5375    1496.01 0.0000e+00
        190 145.517166      1.249      1.261    12.6278  38.004585     0.0146 7.0320e+02    296.723    109.455      1.249    32.5099    24.5367    1496.01 0.0000e+00
        191 145.517166      1.249      1.261    12.6283  38.004341     0.0076 1.7826e+03    296.502    109.388      1.249    32.5093    24.5362    1496.01 0.0000e+00
        192 145.517166      1.250      1.261    12.6282  38.004066     0.0106 6.5081e+02    296.100    109.249      1.250    32.5090    24.5360    1496.01 0.0000e+00
