Data_manuscript/Scotland/SBE55/c5.cnv
* Sea-Bird SBE 19plus Data File:
* FileName = C:\Data\sbe55_sbe19p_5215\2023-05-25\0037.hex
* Software Version SeatermAF 2.1.4
* Temperature SN = 5215
* Conductivity SN = 5215
* System UpLoad Time = May 25 2023 13:18:50 (localtime) = May 25 2023 13:18:50 (UTC)
* ds
* SeacatPlus V 1.6b  SERIAL NO. 5215    25 May 2023  13:06:23
# nquan = 15                                
# nvalues = 1617                        
# units = specified
# name 0 = scan: Scan Count
# name 1 = timeJ: Julian Days
# name 2 = depSM: Depth [salt water, m], lat = 56.00
# name 3 = prdM: Pressure, Strain Gauge [db]
# name 4 = tv290C: Temperature [ITS-90, deg C]
# name 5 = c0mS/cm: Conductivity [mS/cm]
# name 6 = flECO-AFL: Fluorescence, WET Labs ECO-AFL/FL [mg/m^3]
# name 7 = par/sat/log: PAR/Logarithmic, Satlantic [umol photons/m^2/sec]
# name 8 = sbeox0Mm/L: Oxygen, SBE 43 [umol/l]
# name 9 = sbeox0PS: Oxygen, SBE 43 [% saturation]
# name 10 = depSM: Depth [salt water, m], lat = 56
# name 11 = sal00: Salinity, Practical [PSU]
# name 12 = sigma-t00: Density [sigma-t, kg/m^3 ]
# name 13 = svCM: Sound Velocity [Chen-Millero, m/s]
# name 14 = flag: flag
# span 0 =          1,       1617       
# span 1 = 145.516617, 145.521301       
# span 2 =      0.137,     24.229       
# span 3 =      0.138,     24.453       
# span 4 =    10.9018,    13.0212       
# span 5 =   0.000960,  38.088108       
# span 6 =    -0.0628,     2.0290       
# span 7 = 4.0946e+00, 3.2218e+03       
# span 8 =    202.508,    333.318       
# span 9 =     74.728,    121.201       
# span 10 =      0.137,     24.229      
# span 11 =     0.0068,    33.1179      
# span 12 =    -0.6185,    25.3271      
# span 13 =    1455.68,    1496.21      
# span 14 = 0.0000e+00, 0.0000e+00      
# interval = seconds: 0.25
# start_time = May 25 2023 12:23:56 [Instrument's time stamp, header]
# bad_flag = -9.990e-29
*END*
[from data line 1446]
       1447 145.520798      3.459      3.491    11.6055  37.444344     0.0076 8.5170e+02    292.934    106.512      3.459    32.8632    25.0029    1492.97 0.0000e+00
       1448 145.520813      3.406      3.437    11.6220  37.452724    -0.0003 6.2500e+02    293.238    106.637      3.406    32.8568    24.9948    1493.02 0.0000e+00
       1449 145.520813      3.353      3.384    11.6380  37.460712    -0.0013 6.6013e+02    293.637    106.808      3.353    32.8504    24.9870    1493.06 0.0000e+00
       1450 145.520813      3.300      3.331    11.6531  37.468430     0.0027 4.8020e+02    293.675    106.847      3.300    32.8446    24.9797    1493.11 0.0000e+00
       1451 145.520813      3.248      3.278    11.6674  37.476311     0.0136 7.4061e+02    293.330    106.757      3.248    32.8396    24.9732    1493.15 0.0000e+00
       1452 145.520813      3.196      3.225    11.6810  37.484165     0.0047 5.9058e+02    293.150    106.718      3.196    32.8353    24.9673    1493.19 0.0000e+00
       1453 145.520828      3.143      3.172    11.6939  37.491333    -0.0003 5.7077e+02    293.087    106.729      3.143    32.8309    24.9615    1493.23 0.0000e+00
       1454 145.520828      3.090      3.119    11.7059  37.498604    -0.0003 6.2186e+02    292.770    106.647      3.090    32.8274    24.9567    1493.27 0.0000e+00
       1455 145.520828      3.037      3.065    11.7172  37.506844     0.0007 1.4501e+03    292.417    106.557      3.037    32.8255    24.9531    1493.30 0.0000e+00
       1456 145.520828      2.984      3.011    11.7288  37.515030     0.0056 8.7684e+02    292.425    106.606      2.984    32.8232    24.9492    1493.34 0.0000e+00
       1457 145.520828      2.931      2.957    11.7408  37.522907     0.0056 7.2332e+02    292.089    106.549      2.931    32.8203    24.9447    1493.38 0.0000e+00
       1458 145.520844      2.877      2.904    11.7529  37.531525     0.0116 7.0120e+02    292.245    106.658      2.877    32.8180    24.9406    1493.41 0.0000e+00
       1459 145.520844      2.824      2.850    11.7654  37.540436    -0.0043 8.8107e+02    292.507    106.809      2.824    32.8157    24.9366    1493.45 0.0000e+00
       1460 145.520844      2.770      2.796    11.7781  37.548641     0.0027 6.8184e+02    292.467    106.845      2.770    32.8124    24.9316    1493.49 0.0000e+00
       1461 145.520844      2.716      2.741    11.7908  37.556370     0.0047 5.5915e+02    292.162    106.825      2.716    32.8088    24.9265    1493.53 0.0000e+00
       1462 145.520844      2.663      2.687    11.8027  37.564018    -0.0162 1.2576e+03    292.197    106.915      2.663    32.8057    24.9219    1493.57 0.0000e+00
       1463 145.520844      2.609      2.633    11.8138  37.571281     0.0146 1.0489e+03    292.388    107.042      2.609    32.8030    24.9178    1493.60 0.0000e+00
       1464 145.520859      2.556      2.579    11.8242  37.578171     0.0076 6.5552e+02    292.242    107.029      2.556    32.8005    24.9139    1493.63 0.0000e+00
       1465 145.520859      2.502      2.525    11.8341  37.585842     0.0066 1.1256e+03    292.417    107.130      2.502    32.7993    24.9112    1493.67 0.0000e+00
       1466 145.520859      2.449      2.471    11.8437  37.595383     0.0007 8.3931e+02    292.325    107.125      2.449    32.8001    24.9100    1493.70 0.0000e+00
       1467 145.520859      2.395      2.417    11.8541  37.606453     0.0096 5.2067e+02    292.258    107.146      2.395    32.8016    24.9093    1493.74 0.0000e+00
       1468 145.520859      2.343      2.364    11.8659  37.618343    -0.0003 6.3840e+02    292.162    107.155      2.343    32.8028    24.9080    1493.78 0.0000e+00
       1469 145.520874      2.290      2.311    11.8789  37.631042     0.0116 1.0454e+03    292.447    107.299      2.290    32.8037    24.9063    1493.82 0.0000e+00
       1470 145.520874      2.238      2.259    11.8927  37.645065     0.0056 7.7899e+02    292.155    107.248      2.238    32.8052    24.9048    1493.87 0.0000e+00
       1471 145.520874      2.186      2.206    11.9074  37.661022     0.0086 6.5581e+02    291.935    107.222      2.186    32.8077    24.9041    1493.92 0.0000e+00
       1472 145.520874      2.134      2.154    11.9233  37.678974     0.0047 7.1374e+02    291.874    107.239      2.134    32.8111    24.9038    1493.98 0.0000e+00
       1473 145.520874      2.082      2.102    11.9411  37.698719     0.0007 9.6247e+02    291.661    107.185      2.082    32.8146    24.9032    1494.05 0.0000e+00
       1474 145.520889      2.031      2.049    11.9613  37.720001     0.0017 6.5366e+02    291.616    107.189      2.031    32.8174    24.9016    1494.12 0.0000e+00
       1475 145.520889      1.979      1.997    11.9842  37.741467     0.0017 1.2546e+03    291.419    107.157      1.979    32.8181    24.8978    1494.20 0.0000e+00
       1476 145.520889      1.927      1.945    12.0090  37.762260    -0.0003 1.1468e+03    291.333    107.170      1.927    32.8164    24.8919    1494.28 0.0000e+00
       1477 145.520889      1.876      1.893    12.0352  37.783321     0.0017 8.0638e+02    291.605    107.298      1.876    32.8138    24.8849    1494.37 0.0000e+00
       1478 145.520889      1.823      1.840    12.0631  37.804924     0.0047 1.4005e+03    292.478    107.639      1.823    32.8101    24.8769    1494.46 0.0000e+00
       1479 145.520905      1.771      1.787    12.0931  37.825253     0.0146 8.5059e+02    292.980    107.854      1.771    32.8034    24.8660    1494.55 0.0000e+00
       1480 145.520905      1.718      1.734    12.1237  37.841660     0.0086 1.3538e+03    293.892    108.234      1.718    32.7924    24.8517    1494.64 0.0000e+00
       1481 145.520905      1.665      1.681    12.1526  37.854324     0.0066 1.5706e+03    294.786    108.610      1.665    32.7793    24.8362    1494.72 0.0000e+00
       1482 145.520905      1.612      1.627    12.1783  37.865311     0.0027 7.6314e+02    295.640    108.955      1.612    32.7674    24.8220    1494.80 0.0000e+00
       1483 145.520905      1.559      1.573    12.2014  37.875977     0.0175 8.3018e+02    296.194    109.183      1.559    32.7574    24.8100    1494.86 0.0000e+00
       1484 145.520905      1.505      1.519    12.2231  37.886879     0.0156 2.3416e+03    296.336    109.263      1.505    32.7489    24.7993    1494.92 0.0000e+00
       1485 145.520920      1.451      1.465    12.2450  37.897259    -0.0211 7.8928e+02    296.017    109.164      1.451    32.7398    24.7880    1494.99 0.0000e+00
       1486 145.520920      1.398      1.411    12.2674  37.907135     0.0007 1.4384e+03    295.167    108.864      1.398    32.7297    24.7759    1495.05 0.0000e+00
       1487 145.520920      1.345      1.357    12.2902  37.916992     0.0076 1.9516e+03    295.045    108.817      1.345    32.7192    24.7635    1495.12 0.0000e+00
       1488 145.520920      1.292      1.304    12.3137  37.925701     0.0076 1.3920e+03    294.575    108.637      1.292    32.7071    24.7497    1495.18 0.0000e+00
       1489 145.520920      1.239      1.251    12.3370  37.932545     0.0056 1.2176e+03    291.929    107.634      1.239    32.6934    24.7346    1495.24 0.0000e+00
       1490 145.520935      1.187      1.198    12.3584  37.938015     0.0175 1.0634e+03    324.551    106.542      1.187    32.6800    24.7202    1495.30 0.0000e+00
       1491 145.520935      1.134      1.145    12.3774  37.943150     0.0047 2.0114e+03    333.318    105.606      1.134    32.6684    24.7075    1495.35 0.0000e+00
       1492 145.520935      1.083      1.093    12.3952  37.948441     0.0027 1.2953e+03    332.903    105.008      1.083    32.6580    24.6961    1495.40 0.0000e+00
       1493 145.520935      1.032      1.041    12.4134  37.952122     0.0096 1.3179e+03    310.634    104.553      1.032    32.6457    24.6831    1495.44 0.0000e+00
       1494 145.520935      0.982      0.991    12.4320  37.952595     0.0047 9.7497e+02    298.125    104.209      0.982    32.6300    24.6674    1495.49 0.0000e+00
       1495 145.520950      0.932      0.941    12.4496  37.950157    -0.0033 1.4284e+03    289.767    103.505      0.932    32.6124    24.6504    1495.52 0.0000e+00
       1496 145.520950      0.883      0.892    12.4660  37.943897     0.0027 8.4595e+02    295.989    102.681      0.883    32.5922    24.6316    1495.55 0.0000e+00
       1497 145.520950      0.835      0.843    12.4826  37.930164     0.0047 3.7178e+02    324.890    101.765      0.835    32.5647    24.6071    1495.58 0.0000e+00
       1498 145.520950      0.787      0.794    12.5002  37.901863     0.0066 3.2734e+02    325.498    100.742      0.787    32.5224    24.5710    1495.59 0.0000e+00
       1499 145.520950      0.740      0.746    12.5179  37.848564     0.0086 3.2047e+02    321.229     98.846      0.740    32.4562    24.5163    1495.57 0.0000e+00
       1500 145.520950      0.692      0.699    12.5340  37.755535     0.0185 3.2286e+02    315.058     96.633      0.692    32.3536    24.4337    1495.50 0.0000e+00
       1501 145.520966      0.646      0.652    12.5478  37.596992     0.0116 3.6128e+02    306.790     94.170      0.646    32.1906    24.3048    1495.35 0.0000e+00
       1502 145.520966      0.600      0.605    12.5596  37.328621     0.0106 1.7729e+03    297.650     91.700      0.600    31.9250    24.0967    1495.08 0.0000e+00
       1503 145.520966      0.555      0.560    12.5692  36.877792     0.0027 1.7690e+03    288.465     89.182      0.555    31.4885    23.7567    1494.59 0.0000e+00
       1504 145.520966      0.511      0.516    12.5760  36.124443     0.0136 1.7936e+03    281.130     86.787      0.511    30.7688    23.1982    1493.76 0.0000e+00
       1505 145.520966      0.469      0.474    12.5798  34.868576     0.0047 1.8070e+03    275.433     84.658      0.469    29.5808    22.2779    1492.36 0.0000e+00
       1506 145.520981      0.430      0.433    12.5809  32.776836     0.0076 1.7975e+03    270.757     82.750      0.430    27.6206    20.7614    1490.04 0.0000e+00
       1507 145.520981      0.392      0.396    12.5798  29.295570    -0.0003 1.7944e+03    265.933     81.328      0.392    24.4006    18.2731    1486.23 0.0000e+00
       1508 145.520981      0.357      0.361    12.5762  24.860464    -0.0162 1.5834e+03    262.774     80.252      0.357    20.3738    15.1653    1481.45 0.0000e+00
       1509 145.520981      0.326      0.329    12.5699  21.454094     0.0047 1.0602e+03    261.167     79.576      0.326    17.3417    12.8278    1477.85 0.0000e+00
       1510 145.520981      0.300      0.303    12.5610  20.472895    -0.0013 1.5934e+03    259.948     79.120      0.300    16.4813    12.1659    1476.80 0.0000e+00
       1511 145.520996      0.279      0.282    12.5505  21.396820     0.0066 1.0611e+03    259.754     78.981      0.279    17.3000    12.7988    1477.73 0.0000e+00
       1512 145.520996      0.263      0.266    12.5399  22.451286     0.0066 1.7391e+03    259.832     78.891      0.263    18.2392    13.5248    1478.80 0.0000e+00
       1513 145.520996      0.251      0.253    12.5308  21.954601     0.0047 1.7987e+03    259.484     78.832      0.251    17.8027    13.1896    1478.25 0.0000e+00
       1514 145.520996      0.241      0.243    12.5239  19.158384     0.0116 1.8197e+03    259.887     78.980      0.241    15.3456    11.2961    1475.33 0.0000e+00
       1515 145.520996      0.233      0.235    12.5188  14.993178     0.0027 1.8209e+03    260.772     79.138      0.233    11.7567     8.5302    1471.06 0.0000e+00
       1516 145.521011      0.227      0.229    12.5146  11.354288     0.0027 1.8193e+03    261.301     79.186      0.227     8.7032     6.1761    1467.43 0.0000e+00
       1517 145.521011      0.223      0.225    12.5110   8.923312     0.0205 1.8328e+03    262.047     79.350      0.223     6.7136     4.6414    1465.04 0.0000e+00
       1518 145.521011      0.219      0.221    12.5077   7.412076     0.0126 1.8344e+03    262.932     79.495      0.219     5.5008     3.7052    1463.59 0.0000e+00
       1519 145.521011      0.216      0.218    12.5045   6.573258     0.0017 1.8514e+03    263.912     79.621      0.216     4.8368     3.1925    1462.78 0.0000e+00
       1520 145.521011      0.214      0.216    12.5011   6.153166     0.0017 1.8591e+03    264.209     79.779      0.214     4.5071     2.9380    1462.37 0.0000e+00
       1521 145.521011      0.212      0.214    12.4974   5.876416     0.0007 1.8485e+03    264.829     79.951      0.212     4.2910     2.7715    1462.10 0.0000e+00
       1522 145.521027      0.210      0.212    12.4935   5.538780     0.0066 1.8636e+03    265.294     80.028      0.210     4.0285     2.5689    1461.77 0.0000e+00
       1523 145.521027      0.209      0.211    12.4893   5.097718     0.4897 1.8709e+03    265.704     80.081      0.209     3.6873     2.3055    1461.35 0.0000e+00
       1524 145.521027      0.209      0.210    12.4850   4.649494     0.4847 1.8587e+03    266.394     80.197      0.209     3.3431     2.0396    1460.92 0.0000e+00
       1525 145.521027      0.208      0.210    12.4804   4.278178     1.2732 1.8636e+03    266.694     80.299      0.208     3.0598     1.8209    1460.56 0.0000e+00
       1526 145.521027      0.207      0.209    12.4757   3.959274     1.2792 1.8869e+03    266.790     80.358      0.207     2.8181     1.6342    1460.25 0.0000e+00
       1527 145.521042      0.207      0.209    12.4710   3.664077     0.0116 1.8587e+03    267.140     80.429      0.207     2.5957     1.4625    1459.96 0.0000e+00
       1528 145.521042      0.207      0.209    12.4662   3.408059     0.0116 1.8425e+03    267.451     80.475      0.207     2.4039     1.3144    1459.71 0.0000e+00
       1529 145.521042      0.206      0.208    12.4615   3.194845    -0.0201 1.8145e+03    267.795     80.504      0.206     2.2450     1.1918    1459.50 0.0000e+00
       1530 145.521042      0.206      0.208    12.4567   3.026949     0.0106 1.8101e+03    267.981     80.618      0.206     2.1204     1.0958    1459.34 0.0000e+00
       1531 145.521042      0.206      0.208    12.4519   2.901550     0.0047 1.8177e+03    268.167     80.684      0.206     2.0278     1.0245    1459.21 0.0000e+00
       1532 145.521057      0.206      0.208    12.4470   2.778247     0.0056 1.4552e+03    268.207     80.678      0.206     1.9369     0.9546    1459.08 0.0000e+00
       1533 145.521057      0.205      0.207    12.4420   2.620347     0.0066 1.8185e+03    268.430     80.713      0.205     1.8209     0.8652    1458.92 0.0000e+00
       1534 145.521057      0.205      0.207    12.4368   2.435898     0.0156 1.7686e+03    268.860     80.779      0.205     1.6860     0.7611    1458.73 0.0000e+00
       1535 145.521057      0.205      0.207    12.4316   2.242038     0.0037 1.7452e+03    269.396     80.863      0.205     1.5449     0.6521    1458.54 0.0000e+00
       1536 145.521057      0.205      0.207    12.4264   2.046506     0.0007 1.7632e+03    269.612     80.870      0.205     1.4034     0.5428    1458.35 0.0000e+00
       1537 145.521072      0.205      0.207    12.4211   1.879041     0.0027 1.7721e+03    269.821     80.911      0.205     1.2829     0.4498    1458.19 0.0000e+00
       1538 145.521072      0.205      0.207    12.4159   1.761501     0.0037 1.7842e+03    269.790     80.912      0.205     1.1987     0.3851    1458.06 0.0000e+00
       1539 145.521072      0.205      0.207    12.4106   1.664490     0.0086 1.7948e+03    269.747     80.912      0.205     1.1296     0.3320    1457.96 0.0000e+00
       1540 145.521072      0.205      0.207    12.4054   1.559955     0.0116 1.7944e+03    269.836     80.938      0.205     1.0553     0.2748    1457.85 0.0000e+00
       1541 145.521072      0.205      0.207    12.4003   1.452913     0.0066 1.7936e+03    269.951     80.968      0.205     0.9796     0.2166    1457.74 0.0000e+00
       1542 145.521072      0.206      0.207    12.3951   1.363848     0.0037 1.8101e+03    269.917     80.954      0.206     0.9168     0.1683    1457.64 0.0000e+00
