Data_manuscript/Scotland/SBE55/ly1.cnv
* Sea-Bird SBE 19plus Data File:
* FileName = C:\Data\sbe55_sbe19p_5215\2023-05-25\0029.hex
* Software Version SeatermAF 2.1.4
* Temperature SN = 5215
* Conductivity SN = 5215
* System UpLoad Time = May 25 2023 13:08:09 (localtime) = May 25 2023 13:08:09 (UTC)
* ds
* SeacatPlus V 1.6b  SERIAL NO. 5215    25 May 2023  13:06:23
# nquan = 15                                
# nvalues = 2580                        
# units = specified
# name 0 = scan: Scan Count
# name 1 = timeJ: Julian Days
# name 2 = depSM: Depth [salt water, m], lat = 56.00
# name 3 = prdM: Pressure, Strain Gauge [db]
# name 4 = tv290C: Temperature [ITS-90, deg C]
# name 5 = c0mS/cm: Conductivity [mS/cm]
# name 6 = flECO-AFL: Fluorescence, WET Labs ECO-AFL/FL [mg/m^3]
# name 7 = par/sat/log: PAR/Logarithmic, Satlantic [umol photons/m^2/sec]
# name 8 = sbeox0Mm/L: Oxygen, SBE 43 [umol/l]
# name 9 = sbeox0PS: Oxygen, SBE 43 [% saturation]
# name 10 = depSM: Depth [salt water, m], lat = 56
# name 11 = sal00: Salinity, Practical [PSU]
# name 12 = sigma-t00: Density [sigma-t, kg/m^3 ]
# name 13 = svCM: Sound Velocity [Chen-Millero, m/s]
# name 14 = flag: flag
# span 0 =          1,       2580       
# span 1 = 145.382721, 145.390182       
# span 2 =      0.160,     50.431       
# span 3 =      0.162,     50.901       
# span 4 =     9.8633,    11.3478       
# span 5 =   0.000728,  36.892784       
# span 6 =    -0.6986,     2.8185       
# span 7 = 5.3203e-02, 1.6639e+03       
# span 8 =    218.009,    356.311       
# span 9 =     77.720,    115.568       
# span 10 =      0.160,     50.431      
# span 11 =     0.0057,    33.6498      
# span 12 =    -0.3929,    25.9204      
# span 13 =    1451.33,    1490.67      
# span 14 = 0.0000e+00, 0.0000e+00      
# interval = seconds: 0.25
# start_time = May 25 2023 09:11:07 [Instrument's time stamp, header]
# bad_flag = -9.990e-29
*END*
[from data line 482]
        483 145.384109      7.857      7.929    10.6373  36.788494     1.4954 1.3603e+02    301.781    107.162      7.857    33.0812    25.3452    1489.91 0.0000e+00
        484 145.384125      7.909      7.982    10.6338  36.788967     1.3178 1.3132e+02    301.793    107.166      7.909    33.0848    25.3487    1489.90 0.0000e+00
        485 145.384125      7.962      8.036    10.6311  36.789101     1.3238 1.3349e+02    301.772    107.158      7.962    33.0873    25.3511    1489.89 0.0000e+00
        486 145.384125      8.017      8.090    10.6291  36.788689     1.2911 1.3837e+02    301.687    107.122      8.017    33.0887    25.3525    1489.89 0.0000e+00
        487 145.384125      8.071      8.145    10.6275  36.788181     1.5360 1.3213e+02    301.936    107.207      8.071    33.0896    25.3535    1489.89 0.0000e+00
        488 145.384125      8.125      8.200    10.6263  36.788231     1.5400 1.1979e+02    301.906    107.191      8.125    33.0908    25.3546    1489.88 0.0000e+00
        489 145.384125      8.177      8.253    10.6254  36.789040     1.5817 1.3075e+02    301.970    107.210      8.177    33.0924    25.3560    1489.88 0.0000e+00
        490 145.384140      8.228      8.304    10.6250  36.790447     1.5737 1.2692e+02    302.210    107.293      8.228    33.0941    25.3575    1489.89 0.0000e+00
        491 145.384140      8.278      8.354    10.6249  36.792156     1.5460 1.2172e+02    302.224    107.296      8.278    33.0959    25.3588    1489.89 0.0000e+00
        492 145.384140      8.328      8.405    10.6251  36.793919     1.5430 1.2708e+02    302.181    107.280      8.328    33.0974    25.3600    1489.89 0.0000e+00
        493 145.384140      8.379      8.456    10.6254  36.795677     1.3159 1.2521e+02    302.281    107.315      8.379    33.0989    25.3611    1489.89 0.0000e+00
        494 145.384140      8.431      8.509    10.6257  36.797398     1.3139 1.1700e+02    302.380    107.351      8.431    33.1004    25.3622    1489.90 0.0000e+00
        495 145.384155      8.486      8.564    10.6259  36.798912     1.3972 1.1570e+02    302.253    107.305      8.486    33.1017    25.3632    1489.90 0.0000e+00
        496 145.384155      8.542      8.620    10.6260  36.800144     1.3962 1.1873e+02    302.103    107.249      8.542    33.1028    25.3640    1489.90 0.0000e+00
        497 145.384155      8.599      8.678    10.6260  36.801201     1.3030 1.1654e+02    301.867    107.159      8.599    33.1038    25.3648    1489.91 0.0000e+00
        498 145.384155      8.656      8.735    10.6259  36.802235     1.3059 1.1585e+02    301.771    107.115      8.656    33.1049    25.3657    1489.91 0.0000e+00
        499 145.384155      8.712      8.792    10.6257  36.803177     1.3932 1.1070e+02    301.713    107.090      8.712    33.1060    25.3666    1489.91 0.0000e+00
        500 145.384171      8.767      8.848    10.6253  36.803932     1.4091 1.0295e+02    301.658    107.068      8.767    33.1071    25.3675    1489.91 0.0000e+00
        501 145.384171      8.821      8.902    10.6247  36.804562     1.4934 1.0548e+02    301.426    106.985      8.821    33.1083    25.3685    1489.91 0.0000e+00
        502 145.384171      8.874      8.956    10.6238  36.805191     1.4845 1.1165e+02    301.448    106.991      8.874    33.1097    25.3698    1489.91 0.0000e+00
        503 145.384171      8.927      9.009    10.6224  36.805798     1.1681 1.0661e+02    301.289    106.930      8.927    33.1115    25.3715    1489.91 0.0000e+00
        504 145.384171      8.980      9.063    10.6206  36.806366     1.1889 1.0437e+02    301.281    106.919      8.980    33.1137    25.3735    1489.91 0.0000e+00
        505 145.384186      9.034      9.117    10.6186  36.806995     1.5053 1.0218e+02    301.245    106.896      9.034    33.1162    25.3758    1489.90 0.0000e+00
        506 145.384186      9.087      9.171    10.6165  36.807583     1.5093 1.0143e+02    301.150    106.854      9.087    33.1187    25.3781    1489.90 0.0000e+00
        507 145.384186      9.140      9.224    10.6146  36.808018     1.4815 9.8562e+01    301.224    106.876      9.140    33.1208    25.3801    1489.90 0.0000e+00
        508 145.384186      9.192      9.277    10.6130  36.808323     1.5529 9.4405e+01    301.127    106.835      9.192    33.1225    25.3817    1489.89 0.0000e+00
        509 145.384186      9.243      9.328    10.6116  36.808544     1.5618 9.6366e+01    300.915    106.752      9.243    33.1239    25.3830    1489.89 0.0000e+00
        510 145.384186      9.294      9.379    10.6106  36.808708     1.4527 9.6831e+01    300.695    106.667      9.294    33.1250    25.3840    1489.89 0.0000e+00
        511 145.384201      9.344      9.430    10.6097  36.808807     1.4418 9.8325e+01    300.652    106.648      9.344    33.1259    25.3849    1489.89 0.0000e+00
        512 145.384201      9.395      9.481    10.6087  36.808861     1.3089 9.3931e+01    300.341    106.537      9.395    33.1269    25.3858    1489.89 0.0000e+00
        513 145.384201      9.446      9.533    10.6074  36.808826     1.2950 9.2747e+01    300.126    106.458      9.446    33.1280    25.3869    1489.88 0.0000e+00
        514 145.384201      9.497      9.585    10.6056  36.808674     1.1889 9.5820e+01    300.090    106.442      9.497    33.1295    25.3884    1489.88 0.0000e+00
        515 145.384201      9.549      9.637    10.6031  36.808472     1.2157 9.1980e+01    299.999    106.405      9.549    33.1315    25.3903    1489.87 0.0000e+00
        516 145.384216      9.602      9.690    10.6004  36.808292     1.3992 8.9538e+01    299.925    106.375      9.602    33.1337    25.3926    1489.87 0.0000e+00
        517 145.384216      9.654      9.743    10.5978  36.808117     1.4002 9.1039e+01    299.863    106.348      9.654    33.1359    25.3947    1489.86 0.0000e+00
        518 145.384216      9.707      9.796    10.5956  36.807930     1.7265 8.8700e+01    299.718    106.294      9.707    33.1377    25.3965    1489.86 0.0000e+00
        519 145.384216      9.760      9.850    10.5935  36.807709     1.7245 8.4700e+01    299.539    106.229      9.760    33.1393    25.3981    1489.85 0.0000e+00
        520 145.384216      9.814      9.904    10.5912  36.807426     1.4954 8.1751e+01    299.421    106.186      9.814    33.1412    25.4000    1489.85 0.0000e+00
        521 145.384232      9.868      9.959    10.5883  36.807098     1.4855 8.4330e+01    299.116    106.077      9.868    33.1434    25.4022    1489.84 0.0000e+00
        522 145.384232      9.923     10.014    10.5848  36.806767     1.8842 8.4109e+01    298.722    105.937      9.923    33.1463    25.4050    1489.83 0.0000e+00
        523 145.384232      9.979     10.071    10.5809  36.806503     1.8901 8.1573e+01    298.419    105.827      9.979    33.1495    25.4083    1489.82 0.0000e+00
        524 145.384232     10.036     10.128    10.5770  36.806351     1.4289 7.8733e+01    298.219    105.751     10.036    33.1529    25.4116    1489.82 0.0000e+00
        525 145.384232     10.093     10.186    10.5732  36.806236     1.4359 7.8081e+01    297.918    105.635     10.093    33.1562    25.4148    1489.81 0.0000e+00
        526 145.384232     10.150     10.243    10.5696  36.806129     1.7721 7.7842e+01    297.751    105.560     10.150    33.1593    25.4179    1489.80 0.0000e+00
        527 145.384247     10.206     10.300    10.5661  36.806076     1.7701 7.7333e+01    297.842    105.572     10.206    33.1625    25.4209    1489.79 0.0000e+00
        528 145.384247     10.261     10.355    10.5629  36.806099     1.7225 7.6543e+01    297.659    105.492     10.261    33.1653    25.4237    1489.78 0.0000e+00
        529 145.384247     10.314     10.409    10.5602  36.806183     1.7235 7.5793e+01    297.630    105.473     10.314    33.1678    25.4261    1489.78 0.0000e+00
        530 145.384247     10.366     10.461    10.5579  36.806328     1.7185 7.5727e+01    297.750    105.508     10.366    33.1700    25.4282    1489.77 0.0000e+00
        531 145.384247     10.416     10.512    10.5558  36.806499     1.4716 7.4023e+01    297.645    105.462     10.416    33.1722    25.4303    1489.77 0.0000e+00
        532 145.384262     10.467     10.563    10.5536  36.806667     1.4825 7.2612e+01    297.652    105.454     10.467    33.1743    25.4323    1489.77 0.0000e+00
        533 145.384262     10.517     10.613    10.5514  36.806820     1.1453 7.2612e+01    297.715    105.468     10.517    33.1765    25.4344    1489.76 0.0000e+00
        534 145.384262     10.567     10.665    10.5492  36.806938     1.1363 7.2169e+01    297.593    105.414     10.567    33.1786    25.4364    1489.76 0.0000e+00
        535 145.384262     10.619     10.716    10.5471  36.807056     1.1056 7.1634e+01    297.465    105.361     10.619    33.1805    25.4383    1489.75 0.0000e+00
        536 145.384262     10.670     10.768    10.5453  36.807255     1.0977 7.0979e+01    297.490    105.358     10.670    33.1824    25.4400    1489.75 0.0000e+00
        537 145.384277     10.722     10.821    10.5436  36.807537     1.2078 6.9126e+01    297.252    105.257     10.722    33.1842    25.4417    1489.75 0.0000e+00
        538 145.384277     10.773     10.873    10.5420  36.807835     1.2246 6.6690e+01    297.106    105.177     10.773    33.1859    25.4433    1489.74 0.0000e+00
        539 145.384277     10.825     10.925    10.5403  36.808098     1.2593 6.4906e+01    297.033    105.122     10.825    33.1877    25.4450    1489.74 0.0000e+00
        540 145.384277     10.876     10.976    10.5381  36.808323     1.2474 6.5019e+01    296.798    105.014     10.876    33.1898    25.4471    1489.74 0.0000e+00
        541 145.384277     10.928     11.028    10.5352  36.808475     1.3258 6.6124e+01    296.586    104.913     10.928    33.1927    25.4498    1489.73 0.0000e+00
        542 145.384293     10.980     11.081    10.5311  36.808517     1.3119 6.5390e+01    296.684    104.925     10.980    33.1964    25.4535    1489.72 0.0000e+00
        543 145.384293     11.034     11.136    10.5256  36.808365     1.2137 6.4439e+01    296.608    104.875     11.034    33.2013    25.4582    1489.71 0.0000e+00
        544 145.384293     11.090     11.192    10.5189  36.808025     1.2127 6.3058e+01    296.486    104.811     11.090    33.2070    25.4638    1489.69 0.0000e+00
        545 145.384293     11.146     11.249    10.5115  36.807594     1.3902 6.0412e+01    296.315    104.731     11.146    33.2133    25.4699    1489.67 0.0000e+00
        546 145.384293     11.204     11.307    10.5044  36.807064     1.3992 5.9209e+01    296.001    104.604     11.204    33.2192    25.4758    1489.66 0.0000e+00
        547 145.384293     11.261     11.364    10.4979  36.806400     1.3635 5.8629e+01    295.711    104.491     11.261    33.2244    25.4810    1489.64 0.0000e+00
        548 145.384308     11.316     11.420    10.4920  36.805630     1.3674 5.9105e+01    295.348    104.355     11.316    33.2291    25.4856    1489.63 0.0000e+00
        549 145.384308     11.369     11.474    10.4861  36.804764     1.2097 5.9390e+01    295.089    104.259     11.369    33.2335    25.4901    1489.61 0.0000e+00
        550 145.384308     11.420     11.525    10.4803  36.803764     1.1978 5.9455e+01    294.430    104.023     11.420    33.2378    25.4945    1489.60 0.0000e+00
        551 145.384308     11.470     11.576    10.4742  36.802574     1.1810 5.8475e+01    294.107    103.904     11.470    33.2421    25.4989    1489.58 0.0000e+00
        552 145.384308     11.521     11.627    10.4678  36.801105     1.0441 5.7814e+01    293.616    103.726     11.521    33.2465    25.5034    1489.56 0.0000e+00
        553 145.384323     11.571     11.678    10.4607  36.799168     1.0451 5.6687e+01    293.062    103.527     11.571    33.2510    25.5081    1489.55 0.0000e+00
        554 145.384323     11.623     11.731    10.4526  36.796551     1.2534 5.5619e+01    292.624    103.370     11.623    33.2558    25.5132    1489.52 0.0000e+00
        555 145.384323     11.677     11.785    10.4429  36.793362     1.2534 5.4822e+01    292.037    103.158     11.677    33.2614    25.5193    1489.50 0.0000e+00
        556 145.384323     11.732     11.840    10.4315  36.789936     1.2564 5.4523e+01    291.671    103.025     11.732    33.2684    25.5267    1489.47 0.0000e+00
        557 145.384323     11.787     11.896    10.4191  36.786354     1.2554 5.4012e+01    291.074    102.811     11.787    33.2761    25.5349    1489.43 0.0000e+00
        558 145.384338     11.843     11.952    10.4064  36.782616     1.0996 5.3953e+01    290.869    102.736     11.843    33.2839    25.5431    1489.40 0.0000e+00
        559 145.384338     11.899     12.009    10.3939  36.778927     1.0887 5.3355e+01    290.505    102.603     11.899    33.2916    25.5513    1489.36 0.0000e+00
        560 145.384338     11.955     12.066    10.3818  36.775444     1.0322 5.2613e+01    290.471    102.588     11.955    33.2992    25.5592    1489.33 0.0000e+00
        561 145.384338     12.012     12.123    10.3704  36.772228     1.0114 5.1893e+01    290.329    102.535     12.012    33.3064    25.5668    1489.30 0.0000e+00
        562 145.384338     12.069     12.180    10.3597  36.769516     1.1621 5.1554e+01    290.313    102.528     12.069    33.3134    25.5741    1489.27 0.0000e+00
        563 145.384354     12.126     12.238    10.3501  36.767525     1.1413 5.0748e+01    290.484    102.587     12.126    33.3202    25.5811    1489.24 0.0000e+00
        564 145.384354     12.184     12.296    10.3416  36.766312     1.0213 5.0251e+01    290.583    102.620     12.184    33.3267    25.5876    1489.22 0.0000e+00
        565 145.384354     12.242     12.355    10.3346  36.765739     1.0233 4.9726e+01    290.766    102.684     12.242    33.3325    25.5933    1489.21 0.0000e+00
        566 145.384354     12.299     12.413    10.3290  36.765568     1.2325 4.9509e+01    290.957    102.749     12.299    33.3375    25.5982    1489.19 0.0000e+00
        567 145.384354     12.355     12.469    10.3245  36.765591     1.2365 4.8928e+01    291.081    102.790     12.355    33.3417    25.6022    1489.18 0.0000e+00
        568 145.384354     12.410     12.524    10.3208  36.765663     1.1373 4.8111e+01    291.187    102.823     12.410    33.3451    25.6055    1489.17 0.0000e+00
        569 145.384369     12.463     12.578    10.3175  36.765759     1.1403 4.7713e+01    291.256    102.838     12.463    33.3481    25.6084    1489.17 0.0000e+00
        570 145.384369     12.514     12.630    10.3147  36.765827     0.8368 4.7661e+01    291.300    102.840     12.514    33.3508    25.6110    1489.16 0.0000e+00
        571 145.384369     12.564     12.680    10.3122  36.765797     0.8477 4.7504e+01    291.224    102.799     12.564    33.3531    25.6132    1489.16 0.0000e+00
        572 145.384369     12.613     12.729    10.3100  36.765625     0.9697 4.6895e+01    291.124    102.753     12.613    33.3549    25.6150    1489.15 0.0000e+00
        573 145.384369     12.661     12.778    10.3079  36.765343     0.9648 4.6284e+01    290.989    102.695     12.661    33.3565    25.6166    1489.15 0.0000e+00
        574 145.384384     12.710     12.827    10.3059  36.764999     0.9558 4.5581e+01    290.960    102.672     12.710    33.3580    25.6181    1489.14 0.0000e+00
        575 145.384384     12.758     12.875    10.3040  36.764595     0.8021 4.5105e+01    290.959    102.655     12.758    33.3593    25.6194    1489.14 0.0000e+00
        576 145.384384     12.807     12.925    10.3023  36.764141     0.8150 4.4683e+01    290.964    102.638     12.807    33.3604    25.6206    1489.13 0.0000e+00
        577 145.384384     12.855     12.974    10.3006  36.763649     0.9598 4.4419e+01    290.890    102.597     12.855    33.3614    25.6217    1489.13 0.0000e+00
        578 145.384384     12.904     13.023    10.2990  36.763237     0.9628 4.4419e+01    290.896    102.583     12.904    33.3625    25.6228    1489.13 0.0000e+00
