Data_manuscript/Scotland/SBE55/ly1.cnv
* Sea-Bird SBE 19plus Data File:
* FileName = C:\Data\sbe55_sbe19p_5215\2023-05-25\0029.hex
* Software Version SeatermAF 2.1.4
* Temperature SN = 5215
* Conductivity SN = 5215
* System UpLoad Time = May 25 2023 13:08:09 (localtime) = May 25 2023 13:08:09 (UTC)
* ds
* SeacatPlus V 1.6b  SERIAL NO. 5215    25 May 2023  13:06:23
# nquan = 15                                
# nvalues = 2580                        
# units = specified
# name 0 = scan: Scan Count
# name 1 = timeJ: Julian Days
# name 2 = depSM: Depth [salt water, m], lat = 56.00
# name 3 = prdM: Pressure, Strain Gauge [db]
# name 4 = tv290C: Temperature [ITS-90, deg C]
# name 5 = c0mS/cm: Conductivity [mS/cm]
# name 6 = flECO-AFL: Fluorescence, WET Labs ECO-AFL/FL [mg/m^3]
# name 7 = par/sat/log: PAR/Logarithmic, Satlantic [umol photons/m^2/sec]
# name 8 = sbeox0Mm/L: Oxygen, SBE 43 [umol/l]
# name 9 = sbeox0PS: Oxygen, SBE 43 [% saturation]
# name 10 = depSM: Depth [salt water, m], lat = 56
# name 11 = sal00: Salinity, Practical [PSU]
# name 12 = sigma-t00: Density [sigma-t, kg/m^3 ]
# name 13 = svCM: Sound Velocity [Chen-Millero, m/s]
# name 14 = flag: flag
# span 0 =          1,       2580       
# span 1 = 145.382721, 145.390182       
# span 2 =      0.160,     50.431       
# span 3 =      0.162,     50.901       
# span 4 =     9.8633,    11.3478       
# span 5 =   0.000728,  36.892784       
# span 6 =    -0.6986,     2.8185       
# span 7 = 5.3203e-02, 1.6639e+03       
# span 8 =    218.009,    356.311       
# span 9 =     77.720,    115.568       
# span 10 =      0.160,     50.431      
# span 11 =     0.0057,    33.6498      
# span 12 =    -0.3929,    25.9204      
# span 13 =    1451.33,    1490.67      
# span 14 = 0.0000e+00, 0.0000e+00      
# interval = seconds: 0.25
# start_time = May 25 2023 09:11:07 [Instrument's time stamp, header]
# bad_flag = -9.990e-29
*END*
[from data line 1832]
       1833 145.388016     31.555     31.848     9.9762  36.689667     0.6077 1.1035e+00    278.968     97.970     31.555    33.5779    25.8456    1488.54 0.0000e+00
       1834 145.388031     31.513     31.805     9.9761  36.689640     0.6206 1.1088e+00    279.290     98.082     31.513    33.5780    25.8457    1488.54 0.0000e+00
       1835 145.388031     31.471     31.762     9.9760  36.689610     0.6216 1.1202e+00    279.491     98.153     31.471    33.5781    25.8458    1488.54 0.0000e+00
       1836 145.388031     31.430     31.721     9.9759  36.689594     0.6156 1.1247e+00    279.321     98.093     31.430    33.5782    25.8458    1488.54 0.0000e+00
       1837 145.388031     31.388     31.679     9.9758  36.689571     0.6087 1.1390e+00    279.218     98.057     31.388    33.5782    25.8459    1488.53 0.0000e+00
       1838 145.388031     31.346     31.636     9.9758  36.689545     0.8229 1.1543e+00    279.249     98.068     31.346    33.5783    25.8459    1488.53 0.0000e+00
       1839 145.388031     31.303     31.593     9.9758  36.689533     0.8408 1.1589e+00    278.981     97.974     31.303    33.5783    25.8459    1488.53 0.0000e+00
       1840 145.388046     31.260     31.550     9.9758  36.689507     0.7545 1.1657e+00    278.904     97.947     31.260    33.5783    25.8459    1488.53 0.0000e+00
       1841 145.388046     31.216     31.505     9.9758  36.689457     0.7446 1.1742e+00    278.663     97.862     31.216    33.5782    25.8459    1488.53 0.0000e+00
       1842 145.388046     31.172     31.461     9.9759  36.689426     0.5472 1.1996e+00    278.669     97.864     31.172    33.5782    25.8458    1488.53 0.0000e+00
       1843 145.388046     31.128     31.416     9.9759  36.689407     0.5551 1.2070e+00    278.593     97.837     31.128    33.5781    25.8458    1488.53 0.0000e+00
       1844 145.388046     31.083     31.370     9.9760  36.689369     0.4867 1.2253e+00    278.531     97.815     31.083    33.5781    25.8457    1488.53 0.0000e+00
       1845 145.388062     31.037     31.325     9.9760  36.689327     0.4738 1.2369e+00    278.471     97.794     31.037    33.5780    25.8457    1488.53 0.0000e+00
       1846 145.388062     30.992     31.279     9.9760  36.689285     0.4242 1.2486e+00    278.352     97.751     30.992    33.5780    25.8456    1488.53 0.0000e+00
       1847 145.388062     30.948     31.234     9.9760  36.689251     0.4302 1.2565e+00    278.340     97.747     30.948    33.5779    25.8456    1488.53 0.0000e+00
       1848 145.388062     30.904     31.191     9.9761  36.689220     0.6920 1.2615e+00    278.400     97.768     30.904    33.5779    25.8456    1488.53 0.0000e+00
       1849 145.388062     30.862     31.148     9.9760  36.689217     0.6910 1.2812e+00    278.481     97.796     30.862    33.5780    25.8456    1488.53 0.0000e+00
       1850 145.388077     30.821     31.106     9.9760  36.689224     0.6315 1.2950e+00    278.452     97.786     30.821    33.5780    25.8457    1488.53 0.0000e+00
       1851 145.388077     30.780     31.065     9.9759  36.689220     0.6196 1.2919e+00    278.735     97.886     30.780    33.5781    25.8458    1488.52 0.0000e+00
       1852 145.388077     30.739     31.024     9.9758  36.689240     0.6027 1.3021e+00    278.860     97.929     30.739    33.5782    25.8459    1488.52 0.0000e+00
       1853 145.388077     30.698     30.982     9.9758  36.689301     0.7019 1.3047e+00    278.822     97.916     30.698    33.5784    25.8460    1488.52 0.0000e+00
       1854 145.388077     30.655     30.939     9.9757  36.689373     0.6989 1.3251e+00    278.861     97.930     30.655    33.5785    25.8461    1488.52 0.0000e+00
       1855 145.388092     30.612     30.895     9.9756  36.689423     0.7932 1.3377e+00    278.921     97.951     30.612    33.5787    25.8463    1488.52 0.0000e+00
       1856 145.388092     30.567     30.850     9.9755  36.689442     0.7961 1.3583e+00    279.115     98.019     30.567    33.5788    25.8464    1488.52 0.0000e+00
       1857 145.388092     30.522     30.804     9.9754  36.689430     0.8467 1.3720e+00    279.020     97.985     30.522    33.5789    25.8464    1488.52 0.0000e+00
       1858 145.388092     30.476     30.758     9.9754  36.689411     0.8477 1.3911e+00    279.019     97.985     30.476    33.5789    25.8465    1488.52 0.0000e+00
       1859 145.388092     30.430     30.712     9.9753  36.689404     0.5898 1.4024e+00    278.957     97.963     30.430    33.5790    25.8466    1488.52 0.0000e+00
       1860 145.388092     30.384     30.666     9.9752  36.689392     0.5938 1.4131e+00    278.976     97.970     30.384    33.5791    25.8467    1488.52 0.0000e+00
       1861 145.388107     30.340     30.620     9.9751  36.689362     0.6067 1.4228e+00    278.804     97.909     30.340    33.5792    25.8467    1488.52 0.0000e+00
       1862 145.388107     30.296     30.576     9.9750  36.689335     0.6146 1.4431e+00    278.962     97.965     30.296    33.5793    25.8468    1488.51 0.0000e+00
       1863 145.388107     30.253     30.533     9.9749  36.689285     0.5363 1.4447e+00    279.009     97.982     30.253    33.5794    25.8470    1488.51 0.0000e+00
       1864 145.388107     30.210     30.490     9.9747  36.689205     0.5323 1.4444e+00    279.031     97.989     30.210    33.5795    25.8470    1488.51 0.0000e+00
       1865 145.388107     30.168     30.448     9.9746  36.689121     0.5105 1.4498e+00    279.001     97.979     30.168    33.5795    25.8471    1488.51 0.0000e+00
       1866 145.388123     30.126     30.405     9.9745  36.689049     0.5194 1.4654e+00    278.890     97.939     30.126    33.5796    25.8471    1488.51 0.0000e+00
       1867 145.388123     30.082     30.360     9.9744  36.689003     0.5571 1.4805e+00    278.887     97.938     30.082    33.5796    25.8472    1488.51 0.0000e+00
       1868 145.388123     30.037     30.315     9.9744  36.688969     0.5541 1.4991e+00    278.604     97.839     30.037    33.5796    25.8472    1488.51 0.0000e+00
       1869 145.388123     29.990     30.268     9.9744  36.688923     0.5105 1.5242e+00    278.730     97.884     29.990    33.5796    25.8472    1488.51 0.0000e+00
       1870 145.388123     29.943     30.220     9.9744  36.688824     0.5204 1.5549e+00    278.616     97.844     29.943    33.5795    25.8471    1488.51 0.0000e+00
       1871 145.388138     29.897     30.174     9.9744  36.688709     0.7396 1.5675e+00    278.630     97.848     29.897    33.5794    25.8470    1488.51 0.0000e+00
       1872 145.388138     29.853     30.130     9.9744  36.688614     0.7346 1.5830e+00    278.845     97.924     29.853    33.5793    25.8470    1488.50 0.0000e+00
       1873 145.388138     29.812     30.088     9.9744  36.688526     0.7545 1.5924e+00    278.837     97.921     29.812    33.5793    25.8469    1488.50 0.0000e+00
       1874 145.388138     29.772     30.048     9.9744  36.688431     0.8497 1.6029e+00    278.917     97.949     29.772    33.5792    25.8469    1488.50 0.0000e+00
       1875 145.388138     29.735     30.010     9.9744  36.688335     0.8398 1.6251e+00    278.821     97.915     29.735    33.5791    25.8468    1488.50 0.0000e+00
       1876 145.388138     29.697     29.972     9.9744  36.688240     0.5670 1.6248e+00    278.523     97.811     29.697    33.5790    25.8468    1488.50 0.0000e+00
       1877 145.388153     29.659     29.934     9.9744  36.688171     0.5660 1.6347e+00    278.459     97.788     29.659    33.5790    25.8467    1488.50 0.0000e+00
       1878 145.388153     29.620     29.894     9.9744  36.688126     0.5819 1.6549e+00    278.622     97.845     29.620    33.5790    25.8467    1488.50 0.0000e+00
       1879 145.388153     29.579     29.853     9.9744  36.688107     0.5859 1.6775e+00    278.640     97.851     29.579    33.5789    25.8467    1488.50 0.0000e+00
       1880 145.388153     29.537     29.810     9.9744  36.688099     0.4629 1.6933e+00    278.484     97.796     29.537    33.5789    25.8467    1488.50 0.0000e+00
       1881 145.388153     29.495     29.768     9.9744  36.688076     0.4649 1.7168e+00    278.688     97.868     29.495    33.5789    25.8467    1488.50 0.0000e+00
       1882 145.388168     29.453     29.725     9.9744  36.688004     0.5670 1.7266e+00    278.383     97.761     29.453    33.5788    25.8466    1488.50 0.0000e+00
       1883 145.388168     29.411     29.683     9.9745  36.687916     0.5660 1.7334e+00    278.274     97.722     29.411    33.5787    25.8465    1488.50 0.0000e+00
       1884 145.388168     29.370     29.642     9.9745  36.687851     0.6156 1.7548e+00    278.133     97.673     29.370    33.5787    25.8465    1488.50 0.0000e+00
       1885 145.388168     29.329     29.600     9.9745  36.687828     0.6087 1.7679e+00    277.852     97.574     29.329    33.5787    25.8465    1488.50 0.0000e+00
       1886 145.388168     29.287     29.558     9.9745  36.687820     0.4381 1.7784e+00    277.632     97.497     29.287    33.5787    25.8465    1488.49 0.0000e+00
       1887 145.388184     29.245     29.515     9.9745  36.687832     0.4371 1.7869e+00    277.820     97.563     29.245    33.5787    25.8465    1488.49 0.0000e+00
       1888 145.388184     29.201     29.472     9.9745  36.687847     0.4440 1.8093e+00    277.870     97.581     29.201    33.5788    25.8465    1488.49 0.0000e+00
       1889 145.388184     29.157     29.427     9.9744  36.687824     0.4421 1.8209e+00    277.854     97.575     29.157    33.5788    25.8466    1488.49 0.0000e+00
       1890 145.388184     29.112     29.381     9.9744  36.687786     0.4827 1.8762e+00    277.918     97.598     29.112    33.5788    25.8466    1488.49 0.0000e+00
       1891 145.388184     29.066     29.335     9.9744  36.687778     0.4847 1.8717e+00    277.706     97.524     29.066    33.5788    25.8466    1488.49 0.0000e+00
       1892 145.388199     29.020     29.289     9.9744  36.687794     0.5938 1.8956e+00    277.751     97.539     29.020    33.5789    25.8466    1488.49 0.0000e+00
       1893 145.388199     28.975     29.243     9.9744  36.687778     0.6027 1.9144e+00    277.789     97.553     28.975    33.5789    25.8466    1488.49 0.0000e+00
       1894 145.388199     28.931     29.199     9.9743  36.687752     0.7505 1.9384e+00    277.847     97.573     28.931    33.5789    25.8467    1488.49 0.0000e+00
       1895 145.388199     28.888     29.155     9.9743  36.687729     0.7465 1.9512e+00    277.928     97.601     28.888    33.5790    25.8467    1488.49 0.0000e+00
       1896 145.388199     28.847     29.114     9.9742  36.687710     0.7237 1.9804e+00    277.984     97.621     28.847    33.5790    25.8468    1488.49 0.0000e+00
       1897 145.388199     28.807     29.073     9.9741  36.687691     0.7416 1.9991e+00    278.055     97.647     28.807    33.5791    25.8469    1488.49 0.0000e+00
       1898 145.388214     28.767     29.033     9.9740  36.687691     0.7446 1.9995e+00    278.163     97.684     28.767    33.5792    25.8469    1488.49 0.0000e+00
       1899 145.388214     28.728     28.994     9.9740  36.687706     0.4827 2.0202e+00    278.017     97.634     28.728    33.5793    25.8470    1488.48 0.0000e+00
       1900 145.388214     28.688     28.953     9.9739  36.687695     0.4708 2.0348e+00    277.875     97.584     28.688    33.5793    25.8471    1488.48 0.0000e+00
       1901 145.388214     28.647     28.912     9.9739  36.687656     0.9380 2.0389e+00    277.658     97.508     28.647    33.5793    25.8471    1488.48 0.0000e+00
       1902 145.388214     28.606     28.870     9.9739  36.687611     0.9509 2.0631e+00    277.923     97.601     28.606    33.5793    25.8471    1488.48 0.0000e+00
       1903 145.388229     28.564     28.828     9.9739  36.687569     0.6732 2.0880e+00    278.207     97.700     28.564    33.5793    25.8470    1488.48 0.0000e+00
       1904 145.388229     28.521     28.785     9.9739  36.687527     0.6722 2.1142e+00    278.329     97.744     28.521    33.5793    25.8470    1488.48 0.0000e+00
       1905 145.388229     28.478     28.742     9.9739  36.687489     0.6910 2.1152e+00    278.496     97.802     28.478    33.5792    25.8470    1488.48 0.0000e+00
       1906 145.388229     28.434     28.698     9.9739  36.687462     0.6870 2.1473e+00    278.652     97.857     28.434    33.5792    25.8470    1488.48 0.0000e+00
       1907 145.388229     28.390     28.653     9.9739  36.687458     0.5531 2.1733e+00    278.894     97.942     28.390    33.5792    25.8470    1488.48 0.0000e+00
       1908 145.388245     28.345     28.607     9.9740  36.687477     0.5521 2.2030e+00    279.127     98.024     28.345    33.5792    25.8470    1488.48 0.0000e+00
       1909 145.388245     28.301     28.562     9.9740  36.687504     0.7515 2.2345e+00    279.088     98.010     28.301    33.5792    25.8470    1488.48 0.0000e+00
       1910 145.388245     28.257     28.518     9.9741  36.687500     0.7495 2.2527e+00    278.793     97.906     28.257    33.5792    25.8469    1488.48 0.0000e+00
       1911 145.388245     28.214     28.475     9.9742  36.687447     0.9786 2.2611e+00    278.459     97.789     28.214    33.5791    25.8468    1488.48 0.0000e+00
       1912 145.388245     28.173     28.434     9.9742  36.687336     0.9806 2.2775e+00    278.475     97.795     28.173    33.5789    25.8467    1488.48 0.0000e+00
       1913 145.388260     28.133     28.393     9.9744  36.687222     0.4490 2.2934e+00    278.260     97.720     28.133    33.5787    25.8465    1488.48 0.0000e+00
       1914 145.388260     28.093     28.353     9.9745  36.687130     0.4540 2.2975e+00    277.899     97.593     28.093    33.5785    25.8463    1488.47 0.0000e+00
       1915 145.388260     28.052     28.312     9.9746  36.687061     0.6464 2.3207e+00    277.592     97.485     28.052    33.5783    25.8462    1488.47 0.0000e+00
       1916 145.388260     28.012     28.271     9.9748  36.686996     0.6374 2.3421e+00    277.673     97.514     28.012    33.5782    25.8460    1488.47 0.0000e+00
       1917 145.388260     27.970     28.229     9.9749  36.686913     0.6097 2.3918e+00    277.706     97.525     27.970    33.5780    25.8458    1488.47 0.0000e+00
       1918 145.388260     27.929     28.188     9.9750  36.686810     0.5938 2.4208e+00    278.120     97.670     27.929    33.5778    25.8457    1488.47 0.0000e+00
       1919 145.388275     27.890     28.148     9.9751  36.686703     0.5769 2.4426e+00    278.209     97.702     27.890    33.5776    25.8455    1488.47 0.0000e+00
       1920 145.388275     27.852     28.109     9.9752  36.686615     0.7327 2.4667e+00    278.533     97.815     27.852    33.5774    25.8454    1488.47 0.0000e+00
       1921 145.388275     27.815     28.072     9.9753  36.686565     0.7386 2.4673e+00    278.843     97.924     27.815    33.5773    25.8453    1488.47 0.0000e+00
       1922 145.388275     27.780     28.037     9.9753  36.686554     0.4837 2.4705e+00    279.026     97.989     27.780    33.5773    25.8452    1488.47 0.0000e+00
       1923 145.388275     27.744     28.001     9.9754  36.686565     0.4907 2.4732e+00    279.160     98.036     27.744    33.5773    25.8452    1488.47 0.0000e+00
       1924 145.388290     27.707     27.964     9.9754  36.686539     0.6543 2.4851e+00    279.154     98.034     27.707    33.5773    25.8452    1488.47 0.0000e+00
       1925 145.388290     27.668     27.924     9.9754  36.686413     0.6622 2.5229e+00    278.967     97.968     27.668    33.5771    25.8451    1488.47 0.0000e+00
       1926 145.388290     27.626     27.882     9.9755  36.686203     0.5135 2.5384e+00    278.821     97.917     27.626    33.5768    25.8449    1488.47 0.0000e+00
       1927 145.388290     27.581     27.836     9.9756  36.685940     0.5016 2.5821e+00    278.666     97.862     27.581    33.5765    25.8446    1488.47 0.0000e+00
