Data_manuscript/Scotland/SBE55/ly1.cnv
* Sea-Bird SBE 19plus Data File:
* FileName = C:\Data\sbe55_sbe19p_5215\2023-05-25\0029.hex
* Software Version SeatermAF 2.1.4
* Temperature SN = 5215
* Conductivity SN = 5215
* System UpLoad Time = May 25 2023 13:08:09 (localtime) = May 25 2023 13:08:09 (UTC)
* ds
* SeacatPlus V 1.6b  SERIAL NO. 5215    25 May 2023  13:06:23
# nquan = 15                                
# nvalues = 2580                        
# units = specified
# name 0 = scan: Scan Count
# name 1 = timeJ: Julian Days
# name 2 = depSM: Depth [salt water, m], lat = 56.00
# name 3 = prdM: Pressure, Strain Gauge [db]
# name 4 = tv290C: Temperature [ITS-90, deg C]
# name 5 = c0mS/cm: Conductivity [mS/cm]
# name 6 = flECO-AFL: Fluorescence, WET Labs ECO-AFL/FL [mg/m^3]
# name 7 = par/sat/log: PAR/Logarithmic, Satlantic [umol photons/m^2/sec]
# name 8 = sbeox0Mm/L: Oxygen, SBE 43 [umol/l]
# name 9 = sbeox0PS: Oxygen, SBE 43 [% saturation]
# name 10 = depSM: Depth [salt water, m], lat = 56
# name 11 = sal00: Salinity, Practical [PSU]
# name 12 = sigma-t00: Density [sigma-t, kg/m^3 ]
# name 13 = svCM: Sound Velocity [Chen-Millero, m/s]
# name 14 = flag: flag
# span 0 =          1,       2580       
# span 1 = 145.382721, 145.390182       
# span 2 =      0.160,     50.431       
# span 3 =      0.162,     50.901       
# span 4 =     9.8633,    11.3478       
# span 5 =   0.000728,  36.892784       
# span 6 =    -0.6986,     2.8185       
# span 7 = 5.3203e-02, 1.6639e+03       
# span 8 =    218.009,    356.311       
# span 9 =     77.720,    115.568       
# span 10 =      0.160,     50.431      
# span 11 =     0.0057,    33.6498      
# span 12 =    -0.3929,    25.9204      
# span 13 =    1451.33,    1490.67      
# span 14 = 0.0000e+00, 0.0000e+00      
# interval = seconds: 0.25
# start_time = May 25 2023 09:11:07 [Instrument's time stamp, header]
# bad_flag = -9.990e-29
*END*
[from data line 1254]
       1255 145.386353     48.283     48.732     9.8804  36.677586     0.4956 5.8195e-02    275.017     96.424     48.283    33.6472    25.9158    1488.55 0.0000e+00
       1256 145.386353     48.294     48.743     9.8809  36.677757     0.5055 6.5133e-02    274.758     96.334     48.294    33.6470    25.9155    1488.56 0.0000e+00
       1257 145.386353     48.302     48.751     9.8812  36.677841     0.4758 5.3320e-02    274.820     96.357     48.302    33.6468    25.9153    1488.56 0.0000e+00
       1258 145.386353     48.307     48.757     9.8814  36.677876     0.6325 5.3448e-02    274.995     96.418     48.307    33.6467    25.9151    1488.56 0.0000e+00
       1259 145.386353     48.311     48.760     9.8815  36.677895     0.6216 5.3297e-02    275.095     96.453     48.311    33.6466    25.9151    1488.56 0.0000e+00
       1260 145.386368     48.312     48.762     9.8815  36.677937     0.5026 5.3367e-02    275.286     96.518     48.312    33.6466    25.9151    1488.56 0.0000e+00
       1261 145.386368     48.313     48.762     9.8816  36.677956     0.5045 5.3332e-02    275.186     96.482     48.313    33.6465    25.9150    1488.56 0.0000e+00
       1262 145.386368     48.314     48.763     9.8816  36.677876     0.5154 5.4143e-02    275.034     96.428     48.314    33.6464    25.9149    1488.56 0.0000e+00
       1263 145.386368     48.315     48.765     9.8816  36.677650     0.4976 5.8093e-02    275.213     96.490     48.315    33.6462    25.9147    1488.56 0.0000e+00
       1264 145.386368     48.319     48.768     9.8815  36.677322     0.4063 5.3355e-02    275.127     96.459     48.319    33.6460    25.9146    1488.56 0.0000e+00
       1265 145.386383     48.325     48.774     9.8812  36.677006     0.4034 5.3460e-02    275.279     96.513     48.325    33.6459    25.9146    1488.56 0.0000e+00
       1266 145.386383     48.333     48.782     9.8809  36.676769     0.6404 5.5171e-02    275.306     96.522     48.333    33.6460    25.9147    1488.56 0.0000e+00
       1267 145.386383     48.343     48.792     9.8805  36.676632     0.6573 5.6588e-02    275.468     96.579     48.343    33.6461    25.9149    1488.55 0.0000e+00
       1268 145.386383     48.353     48.803     9.8803  36.676582     0.4778 5.3367e-02    275.568     96.614     48.353    33.6463    25.9151    1488.55 0.0000e+00
       1269 145.386383     48.363     48.813     9.8801  36.676613     0.4708 5.5147e-02    275.698     96.660     48.363    33.6465    25.9153    1488.55 0.0000e+00
       1270 145.386398     48.372     48.822     9.8800  36.676723     0.6325 5.3402e-02    275.770     96.686     48.372    33.6467    25.9154    1488.55 0.0000e+00
       1271 145.386398     48.379     48.829     9.8801  36.676895     0.6285 6.0810e-02    275.696     96.660     48.379    33.6468    25.9155    1488.55 0.0000e+00
       1272 145.386398     48.384     48.834     9.8802  36.677101     0.6751 5.3355e-02    275.708     96.663     48.384    33.6469    25.9156    1488.55 0.0000e+00
       1273 145.386398     48.388     48.838     9.8803  36.677296     0.6751 5.4095e-02    275.596     96.624     48.388    33.6470    25.9156    1488.56 0.0000e+00
       1274 145.386398     48.391     48.841     9.8805  36.677429     0.5035 5.3343e-02    275.592     96.622     48.391    33.6470    25.9155    1488.56 0.0000e+00
       1275 145.386414     48.395     48.845     9.8807  36.677402     0.5006 5.3437e-02    275.626     96.633     48.395    33.6468    25.9154    1488.56 0.0000e+00
       1276 145.386414     48.401     48.851     9.8808  36.677181     0.4371 5.5195e-02    275.551     96.606     48.401    33.6465    25.9151    1488.56 0.0000e+00
       1277 145.386414     48.410     48.860     9.8807  36.676849     0.4311 5.3343e-02    275.713     96.662     48.410    33.6462    25.9149    1488.56 0.0000e+00
       1278 145.386414     48.422     48.873     9.8805  36.676510     0.4143 5.3332e-02    275.789     96.687     48.422    33.6460    25.9148    1488.56 0.0000e+00
       1279 145.386414     48.438     48.889     9.8802  36.676212     0.4490 5.3437e-02    275.721     96.663     48.438    33.6460    25.9148    1488.55 0.0000e+00
       1280 145.386414     48.457     48.907     9.8799  36.675980     0.4569 5.3273e-02    275.851     96.708     48.457    33.6461    25.9149    1488.55 0.0000e+00
       1281 145.386429     48.476     48.927     9.8796  36.675816     0.6126 6.9429e-02    275.838     96.703     48.476    33.6462    25.9151    1488.55 0.0000e+00
       1282 145.386429     48.497     48.948     9.8793  36.675728     0.6285 5.4060e-02    275.790     96.687     48.497    33.6463    25.9152    1488.55 0.0000e+00
       1283 145.386429     48.516     48.968     9.8792  36.675728     0.5571 5.3367e-02    275.777     96.683     48.516    33.6464    25.9153    1488.55 0.0000e+00
       1284 145.386429     48.535     48.987     9.8790  36.675777     0.5640 5.3343e-02    275.661     96.642     48.535    33.6466    25.9155    1488.55 0.0000e+00
       1285 145.386429     48.554     49.005     9.8790  36.675854     0.5720 5.3413e-02    275.442     96.565     48.554    33.6467    25.9156    1488.55 0.0000e+00
       1286 145.386444     48.572     49.024     9.8790  36.675922     0.5829 5.3343e-02    275.317     96.520     48.572    33.6468    25.9156    1488.55 0.0000e+00
       1287 145.386444     48.591     49.043     9.8790  36.675968     0.4530 5.3332e-02    275.373     96.537     48.591    33.6468    25.9156    1488.55 0.0000e+00
       1288 145.386444     48.611     49.063     9.8791  36.675938     0.4589 5.5171e-02    275.340     96.524     48.611    33.6467    25.9156    1488.55 0.0000e+00
       1289 145.386444     48.632     49.085     9.8791  36.675816     0.4579 5.3343e-02    275.311     96.512     48.632    33.6466    25.9155    1488.55 0.0000e+00
       1290 145.386444     48.656     49.109     9.8790  36.675598     0.4549 5.3402e-02    275.006     96.405     48.656    33.6464    25.9154    1488.55 0.0000e+00
       1291 145.386459     48.683     49.136     9.8788  36.675358     0.4748 5.4107e-02    274.877     96.360     48.683    33.6463    25.9153    1488.55 0.0000e+00
       1292 145.386459     48.712     49.166     9.8786  36.675106     0.4907 5.3355e-02    274.797     96.332     48.712    33.6462    25.9153    1488.55 0.0000e+00
       1293 145.386459     48.744     49.197     9.8784  36.674820     1.0758 5.3355e-02    274.836     96.347     48.744    33.6461    25.9152    1488.55 0.0000e+00
       1294 145.386459     48.776     49.230     9.8780  36.674484     1.0808 5.3355e-02    274.884     96.364     48.776    33.6461    25.9153    1488.55 0.0000e+00
       1295 145.386459     48.809     49.263     9.8777  36.674183     2.8036 5.3320e-02    275.036     96.419     48.809    33.6461    25.9153    1488.55 0.0000e+00
       1296 145.386475     48.841     49.295     9.8773  36.674004     2.8185 5.3425e-02    275.134     96.453     48.841    33.6463    25.9155    1488.55 0.0000e+00
       1297 145.386475     48.871     49.326     9.8770  36.673950     0.9429 6.2305e-02    275.112     96.444     48.871    33.6465    25.9158    1488.55 0.0000e+00
       1298 145.386475     48.900     49.355     9.8767  36.673958     0.9360 5.3262e-02    275.342     96.523     48.900    33.6467    25.9160    1488.55 0.0000e+00
       1299 145.386475     48.926     49.381     9.8766  36.673977     0.7644 5.3437e-02    275.430     96.553     48.926    33.6469    25.9161    1488.55 0.0000e+00
       1300 145.386475     48.950     49.406     9.8765  36.673977     0.7594 5.3367e-02    275.585     96.605     48.950    33.6470    25.9162    1488.55 0.0000e+00
       1301 145.386475     48.973     49.428     9.8764  36.673897     0.7386 5.3308e-02    275.380     96.533     48.973    33.6469    25.9162    1488.55 0.0000e+00
       1302 145.386490     48.995     49.450     9.8763  36.673634     0.4589 5.3390e-02    275.331     96.513     48.995    33.6467    25.9160    1488.55 0.0000e+00
       1303 145.386490     49.017     49.473     9.8761  36.673187     0.4470 5.3355e-02    275.435     96.549     49.017    33.6464    25.9159    1488.55 0.0000e+00
       1304 145.386490     49.040     49.496     9.8757  36.672649     0.3786 5.3355e-02    275.488     96.566     49.040    33.6462    25.9158    1488.55 0.0000e+00
       1305 145.386490     49.064     49.521     9.8752  36.672169     0.3746 5.4083e-02    275.632     96.616     49.064    33.6462    25.9158    1488.55 0.0000e+00
       1306 145.386490     49.090     49.547     9.8746  36.671844     0.5482 5.3343e-02    275.572     96.595     49.090    33.6464    25.9161    1488.55 0.0000e+00
       1307 145.386505     49.116     49.573     9.8741  36.671680     0.5482 5.3402e-02    275.439     96.547     49.116    33.6468    25.9164    1488.54 0.0000e+00
       1308 145.386505     49.143     49.600     9.8737  36.671642     0.5045 5.3390e-02    275.485     96.562     49.143    33.6471    25.9167    1488.54 0.0000e+00
       1309 145.386505     49.168     49.626     9.8735  36.671715     0.5065 5.3297e-02    275.311     96.500     49.168    33.6474    25.9170    1488.54 0.0000e+00
       1310 145.386505     49.193     49.650     9.8734  36.671921     0.4530 5.3355e-02    275.308     96.498     49.193    33.6476    25.9172    1488.54 0.0000e+00
       1311 145.386505     49.215     49.673     9.8734  36.672153     0.4649 5.5171e-02    275.221     96.467     49.215    33.6478    25.9174    1488.55 0.0000e+00
       1312 145.386520     49.236     49.695     9.8736  36.672241     0.3915 5.3285e-02    275.010     96.392     49.236    33.6478    25.9173    1488.55 0.0000e+00
       1313 145.386520     49.258     49.716     9.8737  36.672077     0.3855 5.3297e-02    274.900     96.353     49.258    33.6475    25.9171    1488.55 0.0000e+00
       1314 145.386520     49.280     49.739     9.8736  36.671692     0.5323 6.6269e-02    274.674     96.272     49.280    33.6471    25.9168    1488.55 0.0000e+00
       1315 145.386520     49.304     49.763     9.8734  36.671196     0.5323 5.3413e-02    274.610     96.249     49.304    33.6468    25.9166    1488.55 0.0000e+00
       1316 145.386520     49.330     49.789     9.8730  36.670704     0.4500 5.3413e-02    274.556     96.230     49.330    33.6467    25.9165    1488.54 0.0000e+00
       1317 145.386520     49.358     49.817     9.8725  36.670212     0.4530 5.3343e-02    274.341     96.155     49.358    33.6466    25.9166    1488.54 0.0000e+00
       1318 145.386536     49.387     49.847     9.8720  36.669712     0.5730 5.3367e-02    274.387     96.172     49.387    33.6466    25.9167    1488.54 0.0000e+00
       1319 145.386536     49.419     49.878     9.8713  36.669216     0.5660 5.3297e-02    274.263     96.129     49.419    33.6467    25.9168    1488.54 0.0000e+00
       1320 145.386536     49.451     49.911     9.8707  36.668762     0.5373 5.3320e-02    274.173     96.097     49.451    33.6468    25.9170    1488.54 0.0000e+00
       1321 145.386536     49.483     49.943     9.8701  36.668377     0.5442 5.3507e-02    274.046     96.054     49.483    33.6469    25.9172    1488.54 0.0000e+00
       1322 145.386536     49.514     49.975     9.8695  36.668087     0.4986 5.3367e-02    274.003     96.039     49.514    33.6472    25.9175    1488.54 0.0000e+00
       1323 145.386551     49.545     50.006     9.8690  36.667870     0.4421 5.3367e-02    273.623     95.905     49.545    33.6474    25.9178    1488.53 0.0000e+00
       1324 145.386551     49.573     50.034     9.8686  36.667614     0.4450 5.3343e-02    273.427     95.836     49.573    33.6476    25.9180    1488.53 0.0000e+00
       1325 145.386551     49.600     50.062     9.8681  36.667274     0.4351 5.3308e-02    273.435     95.837     49.600    33.6476    25.9181    1488.53 0.0000e+00
       1326 145.386551     49.626     50.087     9.8677  36.666931     0.4411 5.5243e-02    273.200     95.754     49.626    33.6477    25.9182    1488.53 0.0000e+00
       1327 145.386551     49.650     50.112     9.8673  36.666626     0.4044 5.3367e-02    273.254     95.772     49.650    33.6477    25.9183    1488.53 0.0000e+00
       1328 145.386566     49.674     50.137     9.8669  36.666336     0.4014 5.3390e-02    273.299     95.788     49.674    33.6478    25.9185    1488.53 0.0000e+00
       1329 145.386566     49.699     50.162     9.8665  36.666046     0.4490 5.3355e-02    273.573     95.883     49.699    33.6479    25.9186    1488.53 0.0000e+00
       1330 145.386566     49.725     50.187     9.8661  36.665745     0.4599 5.3332e-02    273.802     95.963     49.725    33.6479    25.9187    1488.53 0.0000e+00
       1331 145.386566     49.751     50.214     9.8657  36.665478     0.5581 5.3343e-02    273.874     95.989     49.751    33.6480    25.9188    1488.53 0.0000e+00
       1332 145.386566     49.779     50.242     9.8653  36.665333     0.5551 5.3390e-02    273.746     95.944     49.779    33.6482    25.9190    1488.53 0.0000e+00
       1333 145.386581     49.808     50.272     9.8650  36.665344     0.4986 5.3355e-02    273.721     95.936     49.808    33.6485    25.9193    1488.53 0.0000e+00
       1334 145.386581     49.838     50.301     9.8648  36.665474     0.4986 5.3215e-02    273.678     95.921     49.838    33.6488    25.9196    1488.53 0.0000e+00
       1335 145.386581     49.867     50.331     9.8647  36.665642     0.4292 5.3402e-02    273.706     95.932     49.867    33.6490    25.9198    1488.53 0.0000e+00
       1336 145.386581     49.896     50.360     9.8648  36.665798     0.4530 5.3367e-02    273.700     95.930     49.896    33.6491    25.9198    1488.53 0.0000e+00
       1337 145.386581     49.922     50.387     9.8649  36.665928     0.4490 5.3425e-02    273.599     95.895     49.922    33.6491    25.9198    1488.53 0.0000e+00
       1338 145.386581     49.947     50.412     9.8650  36.666054     0.4549 5.3343e-02    273.488     95.856     49.947    33.6491    25.9198    1488.53 0.0000e+00
       1339 145.386597     49.971     50.436     9.8651  36.666111     0.4738 5.3355e-02    273.417     95.831     49.971    33.6491    25.9198    1488.53 0.0000e+00
       1340 145.386597     49.993     50.458     9.8651  36.665977     0.4738 5.3285e-02    273.363     95.812     49.993    33.6489    25.9196    1488.53 0.0000e+00
       1341 145.386597     50.015     50.481     9.8651  36.665688     0.5472 5.3343e-02    273.486     95.855     50.015    33.6486    25.9194    1488.53 0.0000e+00
       1342 145.386597     50.039     50.505     9.8649  36.665398     0.5551 5.3308e-02    273.373     95.815     50.039    33.6485    25.9193    1488.53 0.0000e+00
       1343 145.386597     50.064     50.530     9.8646  36.665169     0.6226 5.3448e-02    273.174     95.745     50.064    33.6485    25.9194    1488.53 0.0000e+00
       1344 145.386612     50.091     50.557     9.8643  36.665012     0.6335 5.3355e-02    273.242     95.769     50.091    33.6487    25.9196    1488.53 0.0000e+00
       1345 145.386612     50.119     50.585     9.8640  36.664909     0.5988 5.3343e-02    273.402     95.826     50.119    33.6488    25.9198    1488.53 0.0000e+00
       1346 145.386612     50.147     50.614     9.8637  36.664845     0.4460 5.3355e-02    273.736     95.944     50.147    33.6490    25.9199    1488.53 0.0000e+00
       1347 145.386612     50.175     50.642     9.8635  36.664825     0.4421 5.3262e-02    273.886     95.998     50.175    33.6491    25.9201    1488.53 0.0000e+00
       1348 145.386612     50.201     50.669     9.8634  36.664852     0.6285 5.3320e-02    273.556     95.883     50.201    33.6493    25.9202    1488.53 0.0000e+00
       1349 145.386627     50.227     50.694     9.8633  36.664913     0.6206 5.3332e-02    273.733     95.945     50.227    33.6494    25.9203    1488.53 0.0000e+00
