Data_manuscript/Scotland/SBE55/ly1.cnv
* Sea-Bird SBE 19plus Data File:
* FileName = C:\Data\sbe55_sbe19p_5215\2023-05-25\0029.hex
* Software Version SeatermAF 2.1.4
* Temperature SN = 5215
* Conductivity SN = 5215
* System UpLoad Time = May 25 2023 13:08:09 (localtime) = May 25 2023 13:08:09 (UTC)
* ds
* SeacatPlus V 1.6b  SERIAL NO. 5215    25 May 2023  13:06:23
# nquan = 15                                
# nvalues = 2580                        
# units = specified
# name 0 = scan: Scan Count
# name 1 = timeJ: Julian Days
# name 2 = depSM: Depth [salt water, m], lat = 56.00
# name 3 = prdM: Pressure, Strain Gauge [db]
# name 4 = tv290C: Temperature [ITS-90, deg C]
# name 5 = c0mS/cm: Conductivity [mS/cm]
# name 6 = flECO-AFL: Fluorescence, WET Labs ECO-AFL/FL [mg/m^3]
# name 7 = par/sat/log: PAR/Logarithmic, Satlantic [umol photons/m^2/sec]
# name 8 = sbeox0Mm/L: Oxygen, SBE 43 [umol/l]
# name 9 = sbeox0PS: Oxygen, SBE 43 [% saturation]
# name 10 = depSM: Depth [salt water, m], lat = 56
# name 11 = sal00: Salinity, Practical [PSU]
# name 12 = sigma-t00: Density [sigma-t, kg/m^3 ]
# name 13 = svCM: Sound Velocity [Chen-Millero, m/s]
# name 14 = flag: flag
# span 0 =          1,       2580       
# span 1 = 145.382721, 145.390182       
# span 2 =      0.160,     50.431       
# span 3 =      0.162,     50.901       
# span 4 =     9.8633,    11.3478       
# span 5 =   0.000728,  36.892784       
# span 6 =    -0.6986,     2.8185       
# span 7 = 5.3203e-02, 1.6639e+03       
# span 8 =    218.009,    356.311       
# span 9 =     77.720,    115.568       
# span 10 =      0.160,     50.431      
# span 11 =     0.0057,    33.6498      
# span 12 =    -0.3929,    25.9204      
# span 13 =    1451.33,    1490.67      
# span 14 = 0.0000e+00, 0.0000e+00      
# interval = seconds: 0.25
# start_time = May 25 2023 09:11:07 [Instrument's time stamp, header]
# bad_flag = -9.990e-29
*END*
[from data line 579]
        580 145.384399     13.000     13.120    10.2962  36.762672     0.7674 4.3773e+01    290.718    102.481     13.000    33.3644    25.6248    1489.12 0.0000e+00
        581 145.384399     13.047     13.168    10.2949  36.762386     1.1205 4.3373e+01    290.830    102.502     13.047    33.3653    25.6256    1489.12 0.0000e+00
        582 145.384399     13.095     13.216    10.2937  36.762016     1.1314 4.2948e+01    290.726    102.449     13.095    33.3660    25.6265    1489.11 0.0000e+00
        583 145.384399     13.143     13.264    10.2922  36.761471     1.0064 4.2723e+01    290.605    102.393     13.143    33.3668    25.6273    1489.11 0.0000e+00
        584 145.384399     13.193     13.314    10.2903  36.760666     0.9985 4.2010e+01    290.336    102.285     13.193    33.3677    25.6283    1489.11 0.0000e+00
        585 145.384415     13.244     13.366    10.2879  36.759514     0.8398 4.1817e+01    290.119    102.197     13.244    33.3688    25.6296    1489.10 0.0000e+00
        586 145.384415     13.297     13.420    10.2845  36.757969     0.8418 4.1381e+01    289.931    102.118     13.297    33.3703    25.6313    1489.09 0.0000e+00
        587 145.384415     13.352     13.475    10.2800  36.756264     0.9211 4.0922e+01    289.618    101.999     13.352    33.3727    25.6340    1489.08 0.0000e+00
        588 145.384415     13.407     13.531    10.2744  36.754715     0.9290 4.0779e+01    289.423    101.922     13.407    33.3763    25.6378    1489.06 0.0000e+00
        589 145.384415     13.463     13.587    10.2679  36.753288     0.7971 4.0672e+01    289.280    101.863     13.463    33.3807    25.6423    1489.05 0.0000e+00
        590 145.384430     13.520     13.644    10.2612  36.751740     0.8021 4.0177e+01    289.053    101.775     13.520    33.3853    25.6471    1489.03 0.0000e+00
        591 145.384430     13.576     13.701    10.2542  36.749794     0.8249 3.9757e+01    288.712    101.648     13.576    33.3898    25.6517    1489.01 0.0000e+00
        592 145.384430     13.632     13.757    10.2467  36.747402     0.8130 3.8905e+01    288.485    101.562     13.632    33.3942    25.6565    1488.99 0.0000e+00
        593 145.384430     13.687     13.813    10.2385  36.744923     1.2534 3.8407e+01    288.069    101.411     13.687    33.3992    25.6618    1488.97 0.0000e+00
        594 145.384430     13.741     13.868    10.2298  36.742462     1.2534 3.7798e+01    287.751    101.294     13.741    33.4048    25.6676    1488.94 0.0000e+00
        595 145.384445     13.794     13.921    10.2208  36.739784     1.2375 3.7625e+01    287.280    101.125     13.794    33.4103    25.6734    1488.92 0.0000e+00
        596 145.384445     13.845     13.973    10.2116  36.736938     0.7495 3.7757e+01    286.722    100.926     13.845    33.4159    25.6793    1488.89 0.0000e+00
        597 145.384445     13.896     14.024    10.2021  36.734112     0.7436 3.7765e+01    286.307    100.779     13.896    33.4218    25.6855    1488.87 0.0000e+00
        598 145.384445     13.945     14.073    10.1927  36.731297     0.9528 3.7642e+01    286.153    100.723     13.945    33.4276    25.6917    1488.84 0.0000e+00
        599 145.384445     13.993     14.122    10.1835  36.728546     0.9528 3.7208e+01    286.028    100.677     13.993    33.4332    25.6976    1488.82 0.0000e+00
        600 145.384460     14.042     14.171    10.1750  36.725899     0.7049 3.6682e+01    285.909    100.632     14.042    33.4384    25.7031    1488.79 0.0000e+00
        601 145.384460     14.091     14.220    10.1672  36.723289     0.7069 3.6299e+01    285.889    100.620     14.091    33.4430    25.7080    1488.77 0.0000e+00
        602 145.384460     14.140     14.271    10.1600  36.720737     0.7456 3.5678e+01    285.439    100.458     14.140    33.4470    25.7124    1488.75 0.0000e+00
        603 145.384460     14.191     14.322    10.1534  36.718384     0.7545 3.5313e+01    285.431    100.451     14.191    33.4507    25.7164    1488.73 0.0000e+00
        604 145.384460     14.243     14.375    10.1473  36.716263     0.9826 3.5059e+01    286.049    100.665     14.243    33.4542    25.7201    1488.72 0.0000e+00
        605 145.384460     14.296     14.428    10.1418  36.714321     0.9776 3.4883e+01    285.353    100.416     14.296    33.4572    25.7235    1488.70 0.0000e+00
        606 145.384476     14.349     14.481    10.1368  36.712540     0.9538 3.4511e+01    285.612    100.503     14.349    33.4600    25.7265    1488.69 0.0000e+00
        607 145.384476     14.402     14.535    10.1323  36.710873     0.9519 3.4091e+01    285.625    100.506     14.402    33.4625    25.7292    1488.67 0.0000e+00
        608 145.384476     14.454     14.588    10.1281  36.709366     0.7009 3.3573e+01    284.962    100.272     14.454    33.4648    25.7317    1488.66 0.0000e+00
        609 145.384476     14.507     14.641    10.1244  36.708069     0.6999 3.3128e+01    285.242    100.370     14.507    33.4669    25.7340    1488.65 0.0000e+00
        610 145.384476     14.559     14.693    10.1210  36.706982     0.5730 3.2625e+01    285.674    100.522     14.559    33.4689    25.7361    1488.64 0.0000e+00
        611 145.384491     14.610     14.745    10.1181  36.706097     0.5621 3.2284e+01    285.363    100.411     14.610    33.4706    25.7379    1488.64 0.0000e+00
        612 145.384491     14.662     14.797    10.1157  36.705429     0.6107 3.2115e+01    285.421    100.431     14.662    33.4722    25.7396    1488.63 0.0000e+00
        613 145.384491     14.713     14.848    10.1136  36.704906     0.6186 3.1814e+01    285.789    100.559     14.713    33.4736    25.7410    1488.63 0.0000e+00
        614 145.384491     14.764     14.900    10.1118  36.704445     0.7456 3.1565e+01    285.464    100.443     14.764    33.4747    25.7422    1488.62 0.0000e+00
        615 145.384491     14.815     14.951    10.1103  36.704021     0.7426 3.1331e+01    285.643    100.504     14.815    33.4756    25.7431    1488.62 0.0000e+00
        616 145.384506     14.866     15.003    10.1090  36.703518     0.9806 3.1201e+01    285.716    100.529     14.866    33.4764    25.7440    1488.62 0.0000e+00
        617 145.384506     14.916     15.054    10.1075  36.702862     0.9826 3.0956e+01    285.341    100.395     14.916    33.4770    25.7447    1488.61 0.0000e+00
        618 145.384506     14.967     15.105    10.1059  36.702129     0.9638 3.0519e+01    285.162    100.332     14.967    33.4778    25.7456    1488.61 0.0000e+00
        619 145.384506     15.018     15.157    10.1041  36.701382     0.7773 3.0141e+01    285.109    100.312     15.018    33.4787    25.7465    1488.60 0.0000e+00
        620 145.384506     15.070     15.209    10.1022  36.700653     0.7852 2.9677e+01    285.069    100.297     15.070    33.4796    25.7476    1488.60 0.0000e+00
        621 145.384521     15.123     15.262    10.1003  36.699989     0.7257 2.9290e+01    285.086    100.302     15.123    33.4807    25.7488    1488.59 0.0000e+00
        622 145.384521     15.177     15.317    10.0984  36.699387     0.7436 2.8940e+01    285.035    100.284     15.177    33.4818    25.7500    1488.59 0.0000e+00
        623 145.384521     15.232     15.373    10.0966  36.698940     0.4926 2.8531e+01    284.933    100.247     15.232    33.4830    25.7512    1488.58 0.0000e+00
        624 145.384521     15.287     15.428    10.0950  36.698734     0.4956 2.8134e+01    285.039    100.284     15.287    33.4843    25.7525    1488.58 0.0000e+00
        625 145.384521     15.342     15.483    10.0937  36.698681     0.4768 2.7853e+01    284.967    100.258     15.342    33.4854    25.7536    1488.58 0.0000e+00
        626 145.384521     15.395     15.537    10.0928  36.698643     0.4837 2.7665e+01    285.102    100.305     15.395    33.4862    25.7543    1488.58 0.0000e+00
        627 145.384537     15.446     15.588    10.0921  36.698597     0.5154 2.7442e+01    285.172    100.329     15.446    33.4868    25.7549    1488.58 0.0000e+00
        628 145.384537     15.494     15.637    10.0915  36.698536     0.5095 2.7256e+01    285.232    100.349     15.494    33.4872    25.7554    1488.58 0.0000e+00
        629 145.384537     15.540     15.684    10.0909  36.698387     0.6950 2.7137e+01    285.131    100.314     15.540    33.4876    25.7557    1488.58 0.0000e+00
        630 145.384537     15.586     15.730    10.0904  36.698128     0.6999 2.6871e+01    285.277    100.365     15.586    33.4878    25.7560    1488.57 0.0000e+00
        631 145.384537     15.632     15.776    10.0898  36.697853     0.6037 2.6579e+01    285.397    100.407     15.632    33.4880    25.7563    1488.57 0.0000e+00
        632 145.384552     15.679     15.824    10.0891  36.697647     0.5918 2.6244e+01    285.379    100.400     15.679    33.4884    25.7567    1488.57 0.0000e+00
        633 145.384552     15.728     15.873    10.0884  36.697491     0.6930 2.6016e+01    285.431    100.418     15.728    33.4889    25.7572    1488.57 0.0000e+00
        634 145.384552     15.780     15.925    10.0877  36.697411     0.6841 2.5721e+01    285.241    100.351     15.780    33.4895    25.7578    1488.57 0.0000e+00
        635 145.384552     15.833     15.979    10.0870  36.697422     0.5700 2.5408e+01    285.032    100.277     15.833    33.4901    25.7584    1488.57 0.0000e+00
        636 145.384552     15.886     16.033    10.0864  36.697460     0.5690 2.5099e+01    285.124    100.309     15.886    33.4907    25.7589    1488.57 0.0000e+00
        637 145.384567     15.940     16.087    10.0858  36.697460     0.9181 2.4815e+01    285.016    100.270     15.940    33.4912    25.7594    1488.57 0.0000e+00
        638 145.384567     15.994     16.142    10.0853  36.697449     0.9231 2.4486e+01    285.104    100.301     15.994    33.4916    25.7598    1488.57 0.0000e+00
        639 145.384567     16.048     16.196    10.0849  36.697433     0.8963 2.4342e+01    285.048    100.281     16.048    33.4920    25.7602    1488.57 0.0000e+00
        640 145.384567     16.101     16.250    10.0844  36.697388     0.5313 2.4193e+01    284.865    100.215     16.101    33.4923    25.7605    1488.57 0.0000e+00
        641 145.384567     16.155     16.304    10.0841  36.697380     0.5343 2.3946e+01    284.800    100.191     16.155    33.4926    25.7608    1488.57 0.0000e+00
        642 145.384567     16.208     16.358    10.0837  36.697449     0.6741 2.3769e+01    284.736    100.166     16.208    33.4931    25.7612    1488.57 0.0000e+00
        643 145.384583     16.262     16.412    10.0833  36.697552     0.6781 2.3407e+01    284.925    100.230     16.262    33.4935    25.7616    1488.57 0.0000e+00
        644 145.384583     16.316     16.466    10.0829  36.697659     0.5095 2.3117e+01    284.691    100.146     16.316    33.4939    25.7620    1488.57 0.0000e+00
        645 145.384583     16.369     16.520    10.0826  36.697762     0.5065 2.2886e+01    284.719    100.153     16.369    33.4943    25.7624    1488.57 0.0000e+00
        646 145.384583     16.421     16.573    10.0823  36.697845     0.6791 2.2627e+01    284.865    100.203     16.421    33.4946    25.7627    1488.57 0.0000e+00
        647 145.384583     16.473     16.625    10.0821  36.697918     0.6682 2.2489e+01    285.092    100.281     16.473    33.4948    25.7629    1488.57 0.0000e+00
        648 145.384598     16.522     16.675    10.0819  36.697964     0.4976 2.2347e+01    285.119    100.287     16.522    33.4950    25.7631    1488.57 0.0000e+00
        649 145.384598     16.571     16.724    10.0817  36.698006     0.4976 2.2167e+01    284.944    100.222     16.571    33.4952    25.7633    1488.57 0.0000e+00
        650 145.384598     16.620     16.774    10.0815  36.698071     1.0491 2.1974e+01    285.174    100.301     16.620    33.4955    25.7635    1488.57 0.0000e+00
        651 145.384598     16.669     16.823    10.0813  36.698158     1.0550 2.1706e+01    285.249    100.325     16.669    33.4957    25.7637    1488.57 0.0000e+00
        652 145.384598     16.719     16.873    10.0810  36.698238     0.7654 2.1465e+01    285.325    100.350     16.719    33.4961    25.7640    1488.57 0.0000e+00
        653 145.384613     16.768     16.923    10.0808  36.698284     0.7584 2.1306e+01    285.170    100.293     16.768    33.4963    25.7643    1488.57 0.0000e+00
        654 145.384613     16.819     16.974    10.0805  36.698296     0.5244 2.1107e+01    285.075    100.259     16.819    33.4966    25.7645    1488.57 0.0000e+00
        655 145.384613     16.870     17.026    10.0801  36.698280     0.5264 2.0868e+01    285.116    100.273     16.870    33.4969    25.7648    1488.57 0.0000e+00
        656 145.384613     16.922     17.078    10.0797  36.698235     0.5283 2.0714e+01    285.050    100.249     16.922    33.4972    25.7652    1488.57 0.0000e+00
        657 145.384613     16.975     17.132    10.0792  36.698135     0.5264 2.0596e+01    285.047    100.249     16.975    33.4976    25.7655    1488.57 0.0000e+00
        658 145.384628     17.029     17.186    10.0785  36.697987     0.6831 2.0408e+01    284.620    100.097     17.029    33.4980    25.7660    1488.57 0.0000e+00
        659 145.384628     17.085     17.243    10.0777  36.697800     0.6890 2.0239e+01    284.489    100.049     17.085    33.4985    25.7665    1488.57 0.0000e+00
        660 145.384628     17.142     17.300    10.0767  36.697548     0.8318 1.9958e+01    284.361    100.002     17.142    33.4992    25.7672    1488.56 0.0000e+00
        661 145.384628     17.200     17.359    10.0757  36.697197     0.8388 1.9680e+01    284.271     99.969     17.200    33.4998    25.7678    1488.56 0.0000e+00
        662 145.384628     17.259     17.418    10.0745  36.696785     0.8021 1.9381e+01    284.103     99.908     17.259    33.5004    25.7685    1488.56 0.0000e+00
        663 145.384628     17.318     17.477    10.0733  36.696377     0.6255 1.9221e+01    283.869     99.824     17.318    33.5010    25.7692    1488.56 0.0000e+00
        664 145.384644     17.375     17.535    10.0721  36.695946     0.6246 1.9128e+01    283.671     99.753     17.375    33.5017    25.7699    1488.56 0.0000e+00
        665 145.384644     17.432     17.592    10.0709  36.695393     0.4857 1.9066e+01    283.516     99.696     17.432    33.5023    25.7706    1488.55 0.0000e+00
        666 145.384644     17.487     17.649    10.0696  36.694839     0.4887 1.8949e+01    283.639     99.736     17.487    33.5029    25.7713    1488.55 0.0000e+00
        667 145.384644     17.543     17.705    10.0682  36.694420     0.5621 1.8871e+01    283.440     99.664     17.543    33.5037    25.7721    1488.55 0.0000e+00
        668 145.384644     17.599     17.761    10.0669  36.694141     0.5640 1.8735e+01    283.611     99.722     17.599    33.5046    25.7731    1488.54 0.0000e+00
        669 145.384659     17.655     17.818    10.0657  36.693989     0.5075 1.8386e+01    283.551     99.698     17.655    33.5056    25.7740    1488.54 0.0000e+00
        670 145.384659     17.711     17.875    10.0645  36.693996     0.4976 1.8142e+01    283.601     99.712     17.711    33.5066    25.7751    1488.54 0.0000e+00
        671 145.384659     17.767     17.931    10.0634  36.694183     0.5839 1.7820e+01    283.432     99.648     17.767    33.5078    25.7762    1488.54 0.0000e+00
        672 145.384659     17.822     17.987    10.0625  36.694519     0.5690 1.7626e+01    283.406     99.635     17.822    33.5090    25.7772    1488.54 0.0000e+00
        673 145.384659     17.875     18.040    10.0618  36.694904     0.5323 1.7423e+01    283.094     99.523     17.875    33.5100    25.7782    1488.54 0.0000e+00
        674 145.384674     17.925     18.090    10.0611  36.695229     0.5234 1.7358e+01    282.928     99.463     17.925    33.5109    25.7790    1488.54 0.0000e+00
