Data_manuscript/Scotland/SBE55/ly1_1m.cnv
* Sea-Bird SBE 19plus Data File:
* FileName = C:\Data\sbe55_sbe19p_5215\2023-05-25\0029.hex
* Software Version SeatermAF 2.1.4
* Temperature SN = 5215
* Conductivity SN = 5215
* System UpLoad Time = May 25 2023 13:08:09 (localtime) = May 25 2023 13:08:09 (UTC)
* ds
* SeacatPlus V 1.6b  SERIAL NO. 5215    25 May 2023  13:06:23
# nquan = 15
# nvalues = 99                          
# units = specified
# name 0 = scan: Scan Count
# name 1 = timeJ: Julian Days
# name 2 = depSM: Depth [salt water, m], lat = 56.00
# name 3 = prdM: Pressure, Strain Gauge [db]
# name 4 = tv290C: Temperature [ITS-90, deg C]
# name 5 = c0mS/cm: Conductivity [mS/cm]
# name 6 = flECO-AFL: Fluorescence, WET Labs ECO-AFL/FL [mg/m^3]
# name 7 = par/sat/log: PAR/Logarithmic, Satlantic [umol photons/m^2/sec]
# name 8 = sbeox0Mm/L: Oxygen, SBE 43 [umol/l]
# name 9 = sbeox0PS: Oxygen, SBE 43 [% saturation]
# name 10 = depSM: Depth [salt water, m], lat = 56
# name 11 = sal00: Salinity, Practical [PSU]
# name 12 = sigma-t00: Density [sigma-t, kg/m^3 ]
# name 13 = svCM: Sound Velocity [Chen-Millero, m/s]
# name 14 = flag: flag
# span 0 =        191,       2526       
# span 1 = 145.383270, 145.390027       
# span 2 =      1.000,     50.000       
# span 3 =      1.009,     50.465       
# span 4 =     9.8660,    11.1865       
# span 5 =  35.882460,  36.882757       
# span 6 =     0.1132,     1.5951       
# span 7 = 5.3402e-02, 1.1593e+03       
# span 8 =    272.352,    315.449       
# span 9 =     95.989,    110.841       
# span 10 =      1.000,     50.000      
# span 11 =    31.7010,    33.6488      
# span 12 =    24.1750,    25.9194      
# span 13 =    1488.39,    1490.61      
# span 14 = 0.0000e+00, 0.0000e+00      
# interval = meters: 1                  
# start_time = May 25 2023 09:11:07 [Instrument's time stamp, header]
# bad_flag = -9.990e-29
*END*
        191 145.383270      1.000      1.009    11.1865  35.882460     0.5507 2.4617e+02    272.352     96.981      1.000    31.7010    24.1750    1490.07 0.0000e+00
        375 145.383801      2.000      2.018    11.0788  36.078767     0.7224 1.2907e+02    307.525    109.575      2.000    31.9867    24.4161    1490.05 0.0000e+00
        390 145.383844      3.000      3.027    11.0560  36.294936     0.8155 9.4293e+01    309.163    110.336      3.000    32.2195    24.6012    1490.27 0.0000e+00
        409 145.383902      4.000      4.037    10.9645  36.756882     0.9055 9.3854e+01    310.936    110.841      4.000    32.7571    25.0356    1490.61 0.0000e+00
        429 145.383958      5.000      5.046    10.8291  36.882757     1.1901 1.9712e+02    307.324    109.442      5.000    33.0031    25.2509    1490.44 0.0000e+00
        448 145.384013      6.000      6.055    10.7765  36.872429     1.4993 2.0297e+02    307.077    109.249      6.000    33.0398    25.2887    1490.32 0.0000e+00
        467 145.384068      7.000      7.065    10.7300  36.828719     1.5002 1.6379e+02    305.237    108.408      7.000    33.0378    25.2953    1490.17 0.0000e+00
        486 145.384122      8.000      8.074    10.6398  36.791857     1.4544 1.3177e+02    302.124    107.274      8.000    33.0822    25.3456    1489.92 0.0000e+00
        504 145.384177      9.000      9.083    10.6183  36.805678     1.3934 1.0414e+02    301.190    106.878      9.000    33.1151    25.3750    1489.90 0.0000e+00
        523 145.384231     10.000     10.092    10.5788  36.806930     1.5951 8.1562e+01    298.623    105.875     10.000    33.1518    25.4104    1489.82 0.0000e+00
        542 145.384286     11.000     11.101    10.5212  36.806896     1.2379 6.4377e+01    296.386    104.834     11.000    33.2039    25.4610    1489.69 0.0000e+00
        561 145.384340     12.000     12.111    10.3818  36.777816     1.1339 5.2166e+01    291.205    102.847     12.000    33.3016    25.5611    1489.33 0.0000e+00
        580 145.384394     13.000     13.120    10.2939  36.761509     0.9074 4.3673e+01    290.576    102.441     13.000    33.3653    25.6259    1489.11 0.0000e+00
        599 145.384451     14.000     14.129    10.1877  36.729129     0.8979 3.6737e+01    286.536    100.852     14.000    33.4300    25.6944    1488.83 0.0000e+00
        619 145.384507     15.000     15.138    10.1050  36.702050     0.6738 3.0111e+01    285.276    100.372     15.000    33.4785    25.7462    1488.61 0.0000e+00
        638 145.384563     16.000     16.148    10.0858  36.697625     0.6645 2.4678e+01    285.045    100.278     16.000    33.4913    25.7595    1488.57 0.0000e+00
        657 145.384619     17.000     17.157    10.0776  36.697447     0.6737 2.0493e+01    284.617    100.095     17.000    33.4983    25.7663    1488.57 0.0000e+00
        676 145.384673     18.000     18.166    10.0595  36.694506     0.5145 1.7200e+01    282.418     99.286     18.000    33.5116    25.7798    1488.53 0.0000e+00
        695 145.384727     19.000     19.175    10.0390  36.689662     0.6439 1.4313e+01    280.128     98.446     19.000    33.5253    25.7939    1488.49 0.0000e+00
        713 145.384782     20.000     20.185    10.0186  36.684753     0.5654 1.1759e+01    279.830     98.302     20.000    33.5387    25.8079    1488.45 0.0000e+00
        732 145.384835     21.000     21.194     9.9947  36.684256     0.6218 9.6412e+00    279.050     98.023     21.000    33.5600    25.8285    1488.41 0.0000e+00
        751 145.384890     22.000     22.203     9.9914  36.685492     0.6119 7.7621e+00    278.765     97.921     22.000    33.5639    25.8321    1488.42 0.0000e+00
        769 145.384943     23.000     23.213     9.9898  36.686963     0.5052 6.3100e+00    278.672     97.888     23.000    33.5664    25.8343    1488.43 0.0000e+00
        788 145.384997     24.000     24.222     9.9889  36.688861     0.6219 5.1036e+00    279.325     98.118     24.000    33.5688    25.8363    1488.45 0.0000e+00
        807 145.385051     25.000     25.231     9.9890  36.690125     0.5797 4.1582e+00    279.417     98.150     25.000    33.5695    25.8369    1488.47 0.0000e+00
        825 145.385105     26.000     26.240     9.9886  36.690725     0.5949 3.3752e+00    279.390     98.138     26.000    33.5700    25.8373    1488.48 0.0000e+00
        844 145.385158     27.000     27.250     9.9874  36.690702     0.6154 2.7441e+00    279.227     98.079     27.000    33.5706    25.8380    1488.49 0.0000e+00
        862 145.385213     28.000     28.259     9.9865  36.691425     0.5846 2.2372e+00    279.488     98.172     28.000    33.5717    25.8390    1488.51 0.0000e+00
        882 145.385268     29.000     29.268     9.9859  36.693131     0.6760 1.8455e+00    281.444     98.845     29.000    33.5736    25.8406    1488.53 0.0000e+00
        900 145.385322     30.000     30.278     9.9783  36.690092     0.6150 1.5036e+00    279.180     98.042     30.000    33.5771    25.8446    1488.52 0.0000e+00
        919 145.385376     31.000     31.287     9.9731  36.693214     0.6229 1.2332e+00    279.874     98.284     31.000    33.5847    25.8514    1488.52 0.0000e+00
        938 145.385431     32.000     32.296     9.9697  36.697733     0.6508 1.0085e+00    279.820     98.259     32.000    33.5920    25.8576    1488.54 0.0000e+00
        957 145.385487     33.000     33.306     9.9657  36.699339     0.7061 8.2114e-01    280.591     98.513     33.000    33.5970    25.8622    1488.55 0.0000e+00
        976 145.385542     34.000     34.315     9.9533  36.699558     0.7053 6.6730e-01    279.960     98.257     34.000    33.6082    25.8731    1488.53 0.0000e+00
        995 145.385596     35.000     35.324     9.9336  36.694706     0.7290 5.4660e-01    279.253     97.994     35.000    33.6212    25.8865    1488.49 0.0000e+00
       1015 145.385654     36.000     36.334     9.9257  36.695059     0.7323 4.5322e-01    279.525     98.100     36.000    33.6285    25.8935    1488.49 0.0000e+00
       1035 145.385710     37.000     37.343     9.9299  36.703744     0.8656 3.7547e-01    280.529     98.461     37.000    33.6329    25.8963    1488.53 0.0000e+00
       1054 145.385767     38.000     38.352     9.9327  36.709662     0.7887 3.1377e-01    280.353     98.410     38.000    33.6359    25.8981    1488.56 0.0000e+00
       1074 145.385824     39.000     39.362     9.9361  36.718946     0.6990 2.6771e-01    280.295     98.386     39.000    33.6417    25.9022    1488.59 0.0000e+00
       1093 145.385880     40.000     40.371     9.9330  36.718753     0.6214 2.2413e-01    279.886     98.223     40.000    33.6440    25.9044    1488.60 0.0000e+00
       1112 145.385933     41.000     41.381     9.9233  36.710006     0.5977 1.9133e-01    279.188     97.939     41.000    33.6437    25.9058    1488.58 0.0000e+00
       1131 145.385990     42.000     42.390     9.9044  36.694894     0.6824 1.6369e-01    278.972     97.848     42.000    33.6454    25.9103    1488.53 0.0000e+00
       1150 145.386043     43.000     43.399     9.8981  36.689245     0.4349 1.4416e-01    280.591     98.398     43.000    33.6451    25.9111    1488.53 0.0000e+00
       1169 145.386099     44.000     44.409     9.8902  36.682315     0.5405 1.1876e-01    279.268     97.924     44.000    33.6449    25.9123    1488.51 0.0000e+00
       1188 145.386154     45.000     45.418     9.8850  36.677519     0.6070 9.5272e-02    275.529     96.604     45.000    33.6444    25.9127    1488.51 0.0000e+00
       1207 145.386210     46.000     46.428     9.8806  36.675396     0.5625 7.5472e-02    275.488     96.588     46.000    33.6459    25.9147    1488.52 0.0000e+00
       1226 145.386266     47.000     47.437     9.8801  36.675806     0.6404 6.5290e-02    275.440     96.570     47.000    33.6463    25.9151    1488.53 0.0000e+00
       1254 145.386345     48.000     48.446     9.8802  36.676480     0.5484 5.7457e-02    275.382     96.551     48.000    33.6465    25.9152    1488.55 0.0000e+00
       1303 145.386487     49.000     49.456     9.8757  36.673037     0.6859 5.4013e-02    275.093     96.429     49.000    33.6467    25.9162    1488.55 0.0000e+00
       1357 145.386645     50.000     50.465     9.8660  36.666723     0.4843 5.3402e-02    273.854     95.989     50.000    33.6488    25.9194    1488.53 0.0000e+00
       1409 145.386794     49.000     49.456     9.8699  36.669767     0.4972 5.4827e-02    274.872     96.361     49.000    33.6488    25.9187    1488.53 0.0000e+00
       1435 145.386869     48.000     48.447     9.8756  36.673224     0.5413 5.5868e-02    274.859     96.363     48.000    33.6474    25.9167    1488.53 0.0000e+00
       1460 145.386940     47.000     47.437     9.8786  36.674491     0.5153 6.2905e-02    275.241     96.501     47.000    33.6464    25.9154    1488.53 0.0000e+00
       1484 145.387012     46.000     46.428     9.8806  36.675258     0.5000 7.6821e-02    275.369     96.549     46.000    33.6458    25.9146    1488.52 0.0000e+00
       1509 145.387084     45.000     45.418     9.8821  36.676117     0.5131 9.0165e-02    275.499     96.603     45.000    33.6456    25.9142    1488.50 0.0000e+00
       1534 145.387155     44.000     44.409     9.8871  36.679995     0.4945 1.1598e-01    276.469     96.952     44.000    33.6455    25.9133    1488.51 0.0000e+00
       1559 145.387227     43.000     43.400     9.8910  36.683182     0.5338 1.3988e-01    276.394     96.935     43.000    33.6455    25.9126    1488.50 0.0000e+00
       1583 145.387296     42.000     42.390     9.8962  36.688050     0.5891 1.5991e-01    277.005     97.184     42.000    33.6461    25.9122    1488.51 0.0000e+00
       1607 145.387367     41.000     41.381     9.9170  36.706726     0.6762 1.8668e-01    278.646     97.798     41.000    33.6462    25.9088    1488.56 0.0000e+00
       1631 145.387436     40.000     40.371     9.9313  36.714616     0.6896 2.1307e-01    278.846     97.874     40.000    33.6414    25.9027    1488.59 0.0000e+00
       1655 145.387507     39.000     39.362     9.9325  36.710835     0.6544 2.5753e-01    278.419     97.708     39.000    33.6368    25.8989    1488.58 0.0000e+00
       1680 145.387578     38.000     38.353     9.9253  36.700499     0.5631 3.0739e-01    278.939     97.881     38.000    33.6335    25.8975    1488.53 0.0000e+00
       1704 145.387649     37.000     37.343     9.9228  36.695817     0.7107 3.6865e-01    278.235     97.634     37.000    33.6315    25.8963    1488.50 0.0000e+00
       1728 145.387718     36.000     36.334     9.9251  36.694254     0.8301 4.3772e-01    278.627     97.783     36.000    33.6282    25.8934    1488.49 0.0000e+00
       1752 145.387787     35.000     35.324     9.9343  36.696257     0.6694 5.3263e-01    279.031     97.954     35.000    33.6221    25.8871    1488.50 0.0000e+00
       1776 145.387855     34.000     34.315     9.9532  36.699604     0.7641 6.5499e-01    279.316     98.082     34.000    33.6083    25.8732    1488.53 0.0000e+00
       1800 145.387924     33.000     33.306     9.9713  36.693042     0.5521 8.1052e-01    278.536     97.818     33.000    33.5853    25.8522    1488.55 0.0000e+00
       1822 145.387990     32.000     32.297     9.9762  36.689937     0.6815 1.0037e+00    278.434     97.782     32.000    33.5780    25.8457    1488.55 0.0000e+00
       1846 145.388059     31.000     31.287     9.9758  36.689391     0.6522 1.2402e+00    278.801     97.910     31.000    33.5782    25.8459    1488.53 0.0000e+00
       1869 145.388124     30.000     30.278     9.9746  36.688813     0.6165 1.5288e+00    278.794     97.906     30.000    33.5793    25.8469    1488.51 0.0000e+00
       1893 145.388193     29.000     29.268     9.9743  36.687765     0.6101 1.9052e+00    277.982     97.621     29.000    33.5790    25.8467    1488.49 0.0000e+00
       1916 145.388262     28.000     28.259     9.9748  36.686900     0.6362 2.3658e+00    278.543     97.819     28.000    33.5781    25.8459    1488.47 0.0000e+00
       1940 145.388330     27.000     27.250     9.9766  36.683477     0.5988 2.9736e+00    277.689     97.518     27.000    33.5734    25.8420    1488.46 0.0000e+00
       1963 145.388398     26.000     26.240     9.9767  36.682017     0.6096 3.6957e+00    278.014     97.635     26.000    33.5722    25.8411    1488.44 0.0000e+00
       1986 145.388463     25.000     25.231     9.9795  36.682038     0.6030 4.5599e+00    278.205     97.717     25.000    33.5701    25.8389    1488.43 0.0000e+00
       2009 145.388531     24.000     24.222     9.9894  36.683408     0.6337 5.6262e+00    278.515     97.837     24.000    33.5627    25.8315    1488.44 0.0000e+00
       2032 145.388596     23.000     23.213     9.9942  36.683639     0.5918 6.9012e+00    278.620     97.875     23.000    33.5589    25.8277    1488.44 0.0000e+00
       2055 145.388664     22.000     22.203     9.9947  36.683183     0.6386 8.5410e+00    278.886     97.969     22.000    33.5585    25.8273    1488.42 0.0000e+00
       2078 145.388730     21.000     21.194     9.9954  36.682769     0.6181 1.0569e+01    278.719     97.911     21.000    33.5579    25.8267    1488.41 0.0000e+00
       2101 145.388797     20.000     20.185     9.9952  36.682196     0.5860 1.2913e+01    278.898     97.980     20.000    33.5579    25.8267    1488.39 0.0000e+00
       2124 145.388864     19.000     19.175     9.9999  36.682450     0.5756 1.5777e+01    279.119     98.067     19.000    33.5543    25.8231    1488.39 0.0000e+00
       2147 145.388930     18.000     18.166    10.0120  36.685472     0.6209 1.9260e+01    280.164     98.510     18.000    33.5465    25.8150    1488.40 0.0000e+00
       2170 145.388997     17.000     17.157    10.0570  36.695270     0.6242 2.3336e+01    281.942     99.185     17.000    33.5152    25.7830    1488.51 0.0000e+00
       2193 145.389063     16.000     16.148    10.0857  36.705241     0.6565 2.8444e+01    282.528     99.466     16.000    33.4992    25.7657    1488.58 0.0000e+00
       2216 145.389128     15.000     15.138    10.1284  36.720903     0.8049 3.4763e+01    284.097    100.134     15.000    33.4760    25.7404    1488.69 0.0000e+00
       2238 145.389193     14.000     14.129    10.1987  36.744098     0.8619 4.2196e+01    286.878    101.228     14.000    33.4350    25.6965    1488.87 0.0000e+00
       2261 145.389258     13.000     13.120    10.2556  36.754500     0.7855 5.1367e+01    286.691    101.209     13.000    33.3935    25.6544    1489.01 0.0000e+00
       2283 145.389323     12.000     12.111    10.2939  36.758478     0.8912 6.2633e+01    288.859    102.175     12.000    33.3628    25.6239    1489.09 0.0000e+00
       2305 145.389388     11.000     11.101    10.4136  36.781885     1.1533 7.7927e+01    292.475    103.598     11.000    33.2769    25.5364    1489.40 0.0000e+00
       2328 145.389452     10.000     10.092    10.4898  36.788220     1.2737 9.8126e+01    294.973    104.608     10.000    33.2141    25.4743    1489.58 0.0000e+00
       2350 145.389516      9.000      9.083    10.5703  36.798581     1.4020 1.2440e+02    299.526    106.375      9.000    33.1516    25.4117    1489.77 0.0000e+00
       2372 145.389578      8.000      8.074    10.6350  36.808224     1.3614 1.5737e+02    300.892    106.876      8.000    33.1029    25.3626    1489.93 0.0000e+00
       2394 145.389644      7.000      7.064    10.6711  36.788788     1.4241 1.9568e+02    303.597    108.046      7.000    33.0512    25.3160    1489.98 0.0000e+00
       2417 145.389709      6.000      6.055    10.7830  36.842482     1.3983 2.6476e+02    305.779    109.027      6.000    33.0041    25.2598    1490.30 0.0000e+00
       2439 145.389775      5.000      5.046    10.8837  36.846544     1.0625 3.2894e+02    306.881    109.438      5.000    32.9180    25.1750    1490.53 0.0000e+00
       2462 145.389842      4.000      4.037    10.9469  36.655000     0.8302 4.4311e+02    306.201    109.115      4.000    32.6718    24.9723    1490.45 0.0000e+00
