Data_manuscript/Scotland/SBE55/ly2.cnv
* Sea-Bird SBE 19plus Data File:
* FileName = C:\Data\sbe55_sbe19p_5215\2023-05-25\0030.hex
* Software Version SeatermAF 2.1.4
* Temperature SN = 5215
* Conductivity SN = 5215
* System UpLoad Time = May 25 2023 13:10:02 (localtime) = May 25 2023 13:10:02 (UTC)
* ds
* SeacatPlus V 1.6b  SERIAL NO. 5215    25 May 2023  13:06:23
# nquan = 15                                
# nvalues = 2967                        
# units = specified
# name 0 = scan: Scan Count
# name 1 = timeJ: Julian Days
# name 2 = depSM: Depth [salt water, m], lat = 56.00
# name 3 = prdM: Pressure, Strain Gauge [db]
# name 4 = tv290C: Temperature [ITS-90, deg C]
# name 5 = c0mS/cm: Conductivity [mS/cm]
# name 6 = flECO-AFL: Fluorescence, WET Labs ECO-AFL/FL [mg/m^3]
# name 7 = par/sat/log: PAR/Logarithmic, Satlantic [umol photons/m^2/sec]
# name 8 = sbeox0Mm/L: Oxygen, SBE 43 [umol/l]
# name 9 = sbeox0PS: Oxygen, SBE 43 [% saturation]
# name 10 = depSM: Depth [salt water, m], lat = 56
# name 11 = sal00: Salinity, Practical [PSU]
# name 12 = sigma-t00: Density [sigma-t, kg/m^3 ]
# name 13 = svCM: Sound Velocity [Chen-Millero, m/s]
# name 14 = flag: flag
# span 0 =          1,       2967       
# span 1 = 145.402786, 145.411377       
# span 2 =      0.116,     51.465       
# span 3 =      0.117,     51.944       
# span 4 =     9.9405,    13.4974       
# span 5 =   0.001834,  36.976616       
# span 6 =    -0.5895,     2.1917       
# span 7 = 5.3238e-02, 2.6682e+03       
# span 8 =    204.549,    359.652       
# span 9 =     73.455,    121.949       
# span 10 =      0.116,     51.465      
# span 11 =     0.0073,    33.6516      
# span 12 =    -0.6800,    25.9090      
# span 13 =    1452.88,    1491.87      
# span 14 = 0.0000e+00, 0.0000e+00      
# interval = seconds: 0.25
# start_time = May 25 2023 09:40:01 [Instrument's time stamp, header]
# bad_flag = -9.990e-29
*END*
[from data line 97]
         98 145.403076      1.184      1.195    11.3743  36.696632     0.0275 9.7497e+02    220.922     79.280      1.184    32.3364    24.6354    1491.49 0.0000e+00
         99 145.403076      1.183      1.194    11.3733  36.691872     0.0225 1.2615e+03    220.711     79.202      1.183    32.3325    24.6326    1491.49 0.0000e+00
        100 145.403076      1.183      1.194    11.3725  36.688683     0.0106 8.3895e+02    220.339     79.072      1.183    32.3301    24.6309    1491.48 0.0000e+00
        101 145.403076      1.183      1.194    11.3719  36.687920     0.0354 8.0621e+02    219.806     78.886      1.183    32.3299    24.6308    1491.48 0.0000e+00
        102 145.403076      1.184      1.195    11.3715  36.688816     0.0195 1.2648e+03    219.299     78.714      1.184    32.3312    24.6319    1491.48 0.0000e+00
        103 145.403091      1.185      1.196    11.3709  36.690281     0.0294 8.8940e+02    218.570     78.449      1.185    32.3331    24.6335    1491.48 0.0000e+00
        104 145.403091      1.187      1.198    11.3702  36.691555     0.0255 1.3122e+03    218.081     78.259      1.187    32.3349    24.6351    1491.48 0.0000e+00
        105 145.403091      1.188      1.199    11.3691  36.692257     0.0195 1.0855e+03    217.427     78.017      1.188    32.3366    24.6365    1491.48 0.0000e+00
        106 145.403091      1.188      1.199    11.3676  36.691963     0.0304 1.0884e+03    216.856     77.812      1.188    32.3376    24.6376    1491.47 0.0000e+00
        107 145.403091      1.187      1.198    11.3658  36.690166     0.0294 8.4836e+02    216.162     77.566      1.187    32.3374    24.6378    1491.47 0.0000e+00
        108 145.403091      1.186      1.197    11.3637  36.687000     0.0235 7.4500e+02    215.131     77.202      1.186    32.3361    24.6372    1491.46 0.0000e+00
        109 145.403107      1.183      1.194    11.3614  36.683556     0.0255 1.2521e+03    214.754     77.072      1.183    32.3348    24.6365    1491.45 0.0000e+00
        110 145.403107      1.180      1.191    11.3591  36.681065     0.0166 1.1242e+03    214.436     76.958      1.180    32.3344    24.6366    1491.44 0.0000e+00
        111 145.403107      1.178      1.188    11.3569  36.679928     0.0185 8.4966e+02    214.615     77.020      1.178    32.3352    24.6377    1491.43 0.0000e+00
        112 145.403107      1.176      1.186    11.3548  36.679569     0.0235 5.2594e+02    214.619     77.021      1.176    32.3367    24.6392    1491.43 0.0000e+00
        113 145.403107      1.174      1.185    11.3529  36.679066     0.0175 1.0910e+03    214.665     77.036      1.174    32.3378    24.6404    1491.42 0.0000e+00
        114 145.403122      1.174      1.185    11.3511  36.677803     0.0285 9.7710e+02    214.628     77.020      1.174    32.3382    24.6410    1491.42 0.0000e+00
        115 145.403122      1.175      1.185    11.3493  36.676044     0.0027 5.3569e+02    214.329     76.911      1.175    32.3380    24.6412    1491.41 0.0000e+00
        116 145.403122      1.176      1.187    11.3477  36.674969     0.0156 6.0008e+02    213.864     76.743      1.176    32.3384    24.6418    1491.40 0.0000e+00
        117 145.403122      1.177      1.188    11.3464  36.675709     0.0166 1.1010e+03    212.984     76.430      1.177    32.3403    24.6434    1491.40 0.0000e+00
        118 145.403122      1.179      1.190    11.3456  36.678169     0.0235 8.5900e+02    212.206     76.156      1.179    32.3434    24.6460    1491.40 0.0000e+00
        119 145.403137      1.180      1.191    11.3454  36.680962     0.0106 8.6655e+02    211.177     75.794      1.180    32.3463    24.6484    1491.40 0.0000e+00
        120 145.403137      1.181      1.192    11.3454  36.681812     0.0235 7.0814e+02    210.561     75.579      1.181    32.3471    24.6489    1491.41 0.0000e+00
        121 145.403137      1.181      1.191    11.3455  36.678913     0.0225 2.0981e+03    210.109     75.426      1.181    32.3442    24.6467    1491.40 0.0000e+00
        122 145.403137      1.180      1.190    11.3453  36.673523     0.0156 7.3706e+02    209.932     75.365      1.180    32.3391    24.6427    1491.40 0.0000e+00
        123 145.403137      1.179      1.189    11.3450  36.669125     0.0225 1.1832e+03    210.138     75.437      1.179    32.3350    24.6396    1491.39 0.0000e+00
        124 145.403152      1.178      1.189    11.3448  36.667637     0.0215 1.5498e+03    210.280     75.483      1.178    32.3337    24.6386    1491.39 0.0000e+00
        125 145.403152      1.179      1.190    11.3450  36.668594     0.0255 6.3118e+02    210.068     75.402      1.179    32.3345    24.6392    1491.39 0.0000e+00
        126 145.403152      1.180      1.191    11.3455  36.670563     0.0245 7.7238e+02    209.713     75.269      1.180    32.3360    24.6403    1491.39 0.0000e+00
        127 145.403152      1.181      1.192    11.3463  36.671947     0.0116 1.3179e+03    209.404     75.154      1.181    32.3366    24.6407    1491.40 0.0000e+00
        128 145.403152      1.182      1.193    11.3472  36.671776     0.1564 9.2268e+02    208.372     74.783      1.182    32.3357    24.6398    1491.40 0.0000e+00
        129 145.403152      1.183      1.193    11.3479  36.670265     0.1475 1.2210e+03    207.480     74.472      1.183    32.3336    24.6380    1491.40 0.0000e+00
        130 145.403168      1.182      1.193    11.3486  36.668045     0.2248 5.3370e+02    206.314     74.075      1.182    32.3308    24.6357    1491.40 0.0000e+00
        131 145.403168      1.182      1.193    11.3492  36.665375     0.2348 2.1009e+03    205.126     73.667      1.182    32.3276    24.6331    1491.40 0.0000e+00
        132 145.403168      1.181      1.192    11.3500  36.662449     0.3022 8.1757e+02    204.549     73.455      1.181    32.3241    24.6302    1491.39 0.0000e+00
        133 145.403168      1.180      1.191    11.3510  36.659901     0.3032 2.5086e+03    204.566     73.461      1.180    32.3207    24.6274    1491.39 0.0000e+00
        134 145.403168      1.179      1.190    11.3524  36.658665    -0.1610 4.7373e+02    204.853     73.555      1.179    32.3183    24.6253    1491.40 0.0000e+00
        135 145.403183      1.179      1.190    11.3540  36.659416    -0.1818 5.1976e+02    205.117     73.636      1.179    32.3177    24.6245    1491.40 0.0000e+00
        136 145.403183      1.180      1.191    11.3558  36.662163    -0.1927 2.0844e+03    205.572     73.792      1.180    32.3188    24.6251    1491.41 0.0000e+00
        137 145.403183      1.181      1.192    11.3577  36.666225    -0.0122 9.6753e+02    205.808     73.874      1.181    32.3210    24.6265    1491.42 0.0000e+00
        138 145.403183      1.182      1.193    11.3597  36.670532    -0.0132 5.8377e+02    205.948     73.925      1.182    32.3236    24.6281    1491.43 0.0000e+00
        139 145.403183      1.183      1.194    11.3614  36.673771     0.0066 6.9358e+02    206.007     73.950      1.183    32.3252    24.6290    1491.44 0.0000e+00
        140 145.403198      1.183      1.194    11.3629  36.674580     0.0175 1.6184e+03    206.109     73.991      1.183    32.3247    24.6284    1491.44 0.0000e+00
        141 145.403198      1.182      1.193    11.3639  36.672543     0.2744 7.7661e+02    206.277     74.008      1.182    32.3218    24.6259    1491.44 0.0000e+00
        142 145.403198      1.181      1.192    11.3647  36.668449     0.2774 1.9960e+03    207.032     74.243      1.181    32.3172    24.6222    1491.44 0.0000e+00
        143 145.403198      1.180      1.191    11.3651  36.663666     0.2774 1.3388e+03    208.838     74.875      1.180    32.3120    24.6182    1491.43 0.0000e+00
        144 145.403198      1.178      1.189    11.3655  36.659931     0.2923 1.2849e+03    212.807     76.286      1.178    32.3081    24.6150    1491.43 0.0000e+00
        145 145.403214      1.178      1.189    11.3660  36.659172     0.2090 4.4345e+02    222.516     79.759      1.178    32.3069    24.6140    1491.43 0.0000e+00
        146 145.403214      1.179      1.189    11.3668  36.662746     0.2139 1.6742e+03    238.559     85.498      1.179    32.3097    24.6160    1491.44 0.0000e+00
        147 145.403214      1.180      1.191    11.3683  36.670597     0.2734 5.5126e+02    258.852     92.758      1.180    32.3160    24.6207    1491.45 0.0000e+00
        148 145.403214      1.182      1.193    11.3707  36.679749     0.2675 8.8030e+02    279.775    100.246      1.182    32.3229    24.6256    1491.47 0.0000e+00
        149 145.403214      1.183      1.194    11.3736  36.684799     0.3587 1.0452e+03    299.156    107.181      1.183    32.3253    24.6269    1491.48 0.0000e+00
        150 145.403214      1.184      1.195    11.3762  36.683304     0.3647 7.4045e+02    315.353    112.976      1.184    32.3216    24.6236    1491.48 0.0000e+00
        151 145.403229      1.183      1.194    11.3776  36.677338     0.6146 7.4435e+02    328.185    117.567      1.183    32.3145    24.6178    1491.48 0.0000e+00
        152 145.403229      1.182      1.193    11.3776  36.669044     0.5958 1.4975e+03    336.696    120.619      1.182    32.3064    24.6115    1491.47 0.0000e+00
        153 145.403229      1.180      1.191    11.3765  36.660168     0.6999 1.4302e+03    340.133    121.858      1.180    32.2987    24.6058    1491.46 0.0000e+00
        154 145.403229      1.179      1.190    11.3747  36.652596     0.7188 1.0551e+03    340.367    121.949      1.179    32.2929    24.6015    1491.44 0.0000e+00
        155 145.403229      1.178      1.189    11.3727  36.646412     0.4589 1.2623e+03    339.090    121.497      1.178    32.2885    24.5985    1491.43 0.0000e+00
        156 145.403244      1.177      1.188    11.3709  36.639660     0.4559 8.7206e+02    337.377    120.880      1.177    32.2834    24.5949    1491.42 0.0000e+00
        157 145.403244      1.178      1.188    11.3692  36.629055     0.4272 1.5299e+03    335.177    120.087      1.178    32.2746    24.5883    1491.40 0.0000e+00
        158 145.403244      1.178      1.189    11.3671  36.609863     0.4262 1.3932e+03    332.878    119.258      1.178    32.2576    24.5755    1491.37 0.0000e+00
        159 145.403244      1.178      1.188    11.3640  36.581619     0.4024 2.4705e+03    330.032    118.237      1.178    32.2327    24.5567    1491.33 0.0000e+00
        160 145.403244      1.177      1.188    11.3593  36.553192     0.5393 2.6682e+03    327.207    117.218      1.177    32.2088    24.5390    1491.29 0.0000e+00
        161 145.403259      1.177      1.188    11.3533  36.532478     0.5303 1.9060e+03    324.439    116.206      1.177    32.1938    24.5284    1491.25 0.0000e+00
        162 145.403259      1.177      1.187    11.3468  36.518990     0.3032 8.8165e+02    321.687    115.206      1.177    32.1862    24.5237    1491.22 0.0000e+00
        163 145.403259      1.176      1.187    11.3405  36.509827     0.2923 1.2894e+03    319.413    114.386      1.176    32.1828    24.5221    1491.19 0.0000e+00
        164 145.403259      1.177      1.188    11.3344  36.503426     0.3131 1.2541e+03    317.332    113.644      1.177    32.1819    24.5225    1491.17 0.0000e+00
        165 145.403259      1.178      1.189    11.3284  36.499096     0.3240 1.9550e+03    315.534    113.013      1.178    32.1828    24.5243    1491.15 0.0000e+00
        166 145.403259      1.180      1.191    11.3231  36.496368     0.6186 7.8361e+02    313.905    112.431      1.180    32.1848    24.5268    1491.13 0.0000e+00
        167 145.403275      1.182      1.192    11.3186  36.494812     0.6107 1.7897e+03    312.690    111.983      1.182    32.1872    24.5294    1491.12 0.0000e+00
        168 145.403275      1.183      1.194    11.3151  36.494118     0.3607 9.1485e+02    311.638    111.604      1.183    32.1895    24.5319    1491.11 0.0000e+00
        169 145.403275      1.185      1.195    11.3129  36.494026     0.3617 5.1806e+02    310.808    111.313      1.185    32.1913    24.5337    1491.11 0.0000e+00
        170 145.403275      1.185      1.196    11.3122  36.494324     0.4163 1.3723e+03    310.030    111.044      1.185    32.1923    24.5346    1491.10 0.0000e+00
        171 145.403275      1.185      1.196    11.3125  36.494705     0.4113 1.9443e+03    309.444    110.841      1.185    32.1924    24.5346    1491.11 0.0000e+00
        172 145.403290      1.184      1.195    11.3132  36.494678     0.4252 1.5889e+03    309.040    110.707      1.184    32.1917    24.5339    1491.11 0.0000e+00
        173 145.403290      1.183      1.194    11.3137  36.494148     0.4361 9.5701e+02    308.915    110.676      1.183    32.1908    24.5331    1491.11 0.0000e+00
        174 145.403290      1.183      1.194    11.3133  36.493542     0.5343 7.4435e+02    308.722    110.606      1.183    32.1905    24.5330    1491.11 0.0000e+00
        175 145.403290      1.183      1.194    11.3119  36.493217     0.5402 1.9469e+03    308.431    110.500      1.183    32.1914    24.5339    1491.10 0.0000e+00
        176 145.403290      1.184      1.195    11.3098  36.493237     0.4163 1.6390e+03    308.439    110.494      1.184    32.1933    24.5358    1491.10 0.0000e+00
        177 145.403305      1.185      1.196    11.3068  36.493423     0.4093 7.2554e+02    308.455    110.484      1.185    32.1961    24.5384    1491.09 0.0000e+00
        178 145.403305      1.186      1.197    11.3030  36.493603     0.4163 1.2524e+03    308.354    110.432      1.186    32.1996    24.5419    1491.08 0.0000e+00
        179 145.403305      1.186      1.197    11.2985  36.493755     0.4182 7.9396e+02    308.315    110.404      1.186    32.2036    24.5458    1491.07 0.0000e+00
        180 145.403305      1.186      1.197    11.2945  36.494011     0.3935 2.0899e+03    308.197    110.352      1.186    32.2074    24.5494    1491.06 0.0000e+00
        181 145.403305      1.186      1.197    11.2920  36.494461     0.4232 1.4051e+03    308.175    110.353      1.186    32.2101    24.5520    1491.05 0.0000e+00
        182 145.403320      1.185      1.196    11.2911  36.494877     0.4242 1.0922e+03    308.052    110.323      1.185    32.2112    24.5531    1491.05 0.0000e+00
        183 145.403320      1.183      1.194    11.2914  36.494797     0.4827 8.0621e+02    307.860    110.259      1.183    32.2109    24.5528    1491.05 0.0000e+00
        184 145.403320      1.182      1.193    11.2917  36.494175     0.4887 5.6704e+02    307.464    110.117      1.182    32.2100    24.5520    1491.05 0.0000e+00
        185 145.403320      1.182      1.193    11.2917  36.493645     0.4331 1.7714e+03    307.663    110.184      1.182    32.2095    24.5516    1491.05 0.0000e+00
        186 145.403320      1.182      1.193    11.2922  36.493755     0.4252 1.2790e+03    307.280    110.043      1.182    32.2092    24.5512    1491.05 0.0000e+00
        187 145.403320      1.182      1.193    11.2937  36.494465     0.5115 8.7818e+02    307.203    110.007      1.182    32.2085    24.5505    1491.06 0.0000e+00
        188 145.403336      1.182      1.192    11.2961  36.495258     0.5075 5.8762e+02    307.054    109.938      1.182    32.2072    24.5490    1491.07 0.0000e+00
        189 145.403336      1.181      1.192    11.2991  36.495758     0.5303 4.0987e+02    306.961    109.894      1.181    32.2051    24.5469    1491.07 0.0000e+00
        190 145.403336      1.179      1.190    11.3020  36.496246     0.5373 1.6632e+03    307.320    110.018      1.179    32.2031    24.5448    1491.08 0.0000e+00
        191 145.403336      1.177      1.188    11.3040  36.496883     0.3756 1.3889e+03    307.168    109.965      1.177    32.2020    24.5435    1491.09 0.0000e+00
        192 145.403336      1.175      1.185    11.3044  36.497177     0.3855 5.4229e+02    307.388    110.050      1.175    32.2019    24.5434    1491.09 0.0000e+00
