Data_manuscript/Scotland/SBE55/ly2.cnv
* Sea-Bird SBE 19plus Data File:
* FileName = C:\Data\sbe55_sbe19p_5215\2023-05-25\0030.hex
* Software Version SeatermAF 2.1.4
* Temperature SN = 5215
* Conductivity SN = 5215
* System UpLoad Time = May 25 2023 13:10:02 (localtime) = May 25 2023 13:10:02 (UTC)
* ds
* SeacatPlus V 1.6b  SERIAL NO. 5215    25 May 2023  13:06:23
# nquan = 15                                
# nvalues = 2967                        
# units = specified
# name 0 = scan: Scan Count
# name 1 = timeJ: Julian Days
# name 2 = depSM: Depth [salt water, m], lat = 56.00
# name 3 = prdM: Pressure, Strain Gauge [db]
# name 4 = tv290C: Temperature [ITS-90, deg C]
# name 5 = c0mS/cm: Conductivity [mS/cm]
# name 6 = flECO-AFL: Fluorescence, WET Labs ECO-AFL/FL [mg/m^3]
# name 7 = par/sat/log: PAR/Logarithmic, Satlantic [umol photons/m^2/sec]
# name 8 = sbeox0Mm/L: Oxygen, SBE 43 [umol/l]
# name 9 = sbeox0PS: Oxygen, SBE 43 [% saturation]
# name 10 = depSM: Depth [salt water, m], lat = 56
# name 11 = sal00: Salinity, Practical [PSU]
# name 12 = sigma-t00: Density [sigma-t, kg/m^3 ]
# name 13 = svCM: Sound Velocity [Chen-Millero, m/s]
# name 14 = flag: flag
# span 0 =          1,       2967       
# span 1 = 145.402786, 145.411377       
# span 2 =      0.116,     51.465       
# span 3 =      0.117,     51.944       
# span 4 =     9.9405,    13.4974       
# span 5 =   0.001834,  36.976616       
# span 6 =    -0.5895,     2.1917       
# span 7 = 5.3238e-02, 2.6682e+03       
# span 8 =    204.549,    359.652       
# span 9 =     73.455,    121.949       
# span 10 =      0.116,     51.465      
# span 11 =     0.0073,    33.6516      
# span 12 =    -0.6800,    25.9090      
# span 13 =    1452.88,    1491.87      
# span 14 = 0.0000e+00, 0.0000e+00      
# interval = seconds: 0.25
# start_time = May 25 2023 09:40:01 [Instrument's time stamp, header]
# bad_flag = -9.990e-29
*END*
[from data line 1061]
       1062 145.405853     36.552     36.891     9.9716  36.752022     0.3994 6.4472e-01    279.521     98.201     36.552    33.6435    25.8975    1488.68 0.0000e+00
       1063 145.405869     36.596     36.935     9.9716  36.752087     0.5958 6.1095e-01    279.636     98.241     36.596    33.6435    25.8976    1488.68 0.0000e+00
       1064 145.405869     36.641     36.981     9.9716  36.752110     0.5938 6.0272e-01    279.686     98.256     36.641    33.6435    25.8976    1488.69 0.0000e+00
       1065 145.405869     36.686     37.027     9.9716  36.752064     0.5898 6.0868e-01    279.897     98.328     36.686    33.6434    25.8975    1488.69 0.0000e+00
       1066 145.405869     36.732     37.073     9.9716  36.752014     0.5988 6.0101e-01    280.001     98.363     36.732    33.6434    25.8975    1488.69 0.0000e+00
       1067 145.405869     36.778     37.119     9.9715  36.752064     0.5650 5.9408e-01    280.178     98.425     36.778    33.6435    25.8975    1488.69 0.0000e+00
       1068 145.405884     36.825     37.166     9.9715  36.752262     0.5710 5.8865e-01    280.161     98.421     36.825    33.6437    25.8978    1488.69 0.0000e+00
       1069 145.405884     36.871     37.213     9.9715  36.752655     0.5789 5.7983e-01    280.003     98.368     36.871    33.6441    25.8980    1488.69 0.0000e+00
       1070 145.405884     36.917     37.259     9.9716  36.753212     0.5849 5.7277e-01    280.080     98.395     36.917    33.6445    25.8983    1488.69 0.0000e+00
       1071 145.405884     36.963     37.305     9.9719  36.753780     0.4460 5.5781e-01    280.077     98.394     36.963    33.6448    25.8985    1488.69 0.0000e+00
       1072 145.405884     37.007     37.351     9.9724  36.754230     0.4401 5.6816e-01    280.182     98.428     37.007    33.6448    25.8984    1488.70 0.0000e+00
       1073 145.405884     37.051     37.395     9.9729  36.754543     0.3756 5.5611e-01    280.202     98.432     37.051    33.6447    25.8982    1488.70 0.0000e+00
       1074 145.405899     37.094     37.438     9.9733  36.754730     0.3816 5.3370e-01    280.030     98.370     37.094    33.6444    25.8980    1488.70 0.0000e+00
       1075 145.405899     37.136     37.480     9.9736  36.754822     0.5541 5.4241e-01    279.822     98.295     37.136    33.6442    25.8978    1488.70 0.0000e+00
       1076 145.405899     37.176     37.521     9.9738  36.754799     0.5512 5.3172e-01    279.781     98.280     37.176    33.6439    25.8975    1488.70 0.0000e+00
       1077 145.405899     37.215     37.560     9.9740  36.754662     0.4748 5.2998e-01    279.551     98.199     37.215    33.6436    25.8973    1488.70 0.0000e+00
       1078 145.405899     37.253     37.598     9.9740  36.754448     0.4619 5.1750e-01    279.699     98.250     37.253    33.6434    25.8971    1488.70 0.0000e+00
       1079 145.405914     37.290     37.636     9.9739  36.754120     0.5105 5.1772e-01    279.593     98.213     37.290    33.6431    25.8969    1488.70 0.0000e+00
       1080 145.405914     37.326     37.672     9.9737  36.753674     0.4976 5.0908e-01    279.689     98.246     37.326    33.6428    25.8967    1488.70 0.0000e+00
       1081 145.405914     37.361     37.708     9.9734  36.753147     0.5274 5.0464e-01    279.736     98.263     37.361    33.6426    25.8965    1488.70 0.0000e+00
       1082 145.405914     37.397     37.744     9.9730  36.752583     0.5174 5.0321e-01    279.958     98.341     37.397    33.6423    25.8964    1488.70 0.0000e+00
       1083 145.405914     37.434     37.781     9.9725  36.752228     0.4936 5.1931e-01    280.742     98.617     37.434    33.6424    25.8966    1488.70 0.0000e+00
       1084 145.405930     37.472     37.819     9.9721  36.752312     0.5274 4.9665e-01    281.004     98.710     37.472    33.6429    25.8970    1488.70 0.0000e+00
       1085 145.405930     37.510     37.858     9.9718  36.752666     0.5353 4.9970e-01    281.145     98.760     37.510    33.6435    25.8975    1488.70 0.0000e+00
       1086 145.405930     37.549     37.897     9.9718  36.752949     0.6692 4.9179e-01    280.672     98.593     37.549    33.6438    25.8977    1488.70 0.0000e+00
       1087 145.405930     37.589     37.937     9.9719  36.752956     0.6593 4.9535e-01    281.027     98.718     37.589    33.6436    25.8976    1488.70 0.0000e+00
       1088 145.405930     37.629     37.978     9.9720  36.752579     0.7386 4.8985e-01    280.782     98.632     37.629    33.6432    25.8972    1488.70 0.0000e+00
       1089 145.405945     37.671     38.020     9.9718  36.751858     0.7386 4.8910e-01    280.617     98.574     37.671    33.6426    25.8968    1488.70 0.0000e+00
       1090 145.405945     37.713     38.063     9.9714  36.751045     0.7198 4.7239e-01    280.345     98.479     37.713    33.6421    25.8965    1488.70 0.0000e+00
       1091 145.405945     37.756     38.106     9.9707  36.750359     0.7237 4.7716e-01    279.976     98.349     37.756    33.6420    25.8965    1488.70 0.0000e+00
       1092 145.405945     37.801     38.151     9.9700  36.749847     0.6355 4.6919e-01    280.063     98.379     37.801    33.6421    25.8968    1488.70 0.0000e+00
       1093 145.405945     37.846     38.197     9.9694  36.749508     0.6464 4.6919e-01    280.183     98.421     37.846    33.6424    25.8970    1488.70 0.0000e+00
       1094 145.405945     37.893     38.244     9.9689  36.749279     0.5373 4.5734e-01    280.041     98.371     37.893    33.6426    25.8973    1488.70 0.0000e+00
       1095 145.405960     37.939     38.291     9.9685  36.749088     0.5422 4.4892e-01    279.976     98.349     37.939    33.6427    25.8975    1488.70 0.0000e+00
       1096 145.405960     37.987     38.339     9.9682  36.748943     0.5571 4.5544e-01    279.980     98.350     37.987    33.6428    25.8976    1488.69 0.0000e+00
       1097 145.405960     38.034     38.387     9.9680  36.748901     0.5640 4.5714e-01    279.878     98.313     38.034    33.6430    25.8978    1488.70 0.0000e+00
       1098 145.405960     38.081     38.435     9.9678  36.748966     0.4778 4.4559e-01    280.018     98.358     38.081    33.6432    25.8979    1488.70 0.0000e+00
       1099 145.405960     38.128     38.482     9.9678  36.749123     0.4797 4.3882e-01    280.081     98.374     38.128    33.6434    25.8981    1488.70 0.0000e+00
       1100 145.405975     38.174     38.528     9.9678  36.749310     0.7277 4.3614e-01    280.087     98.371     38.174    33.6435    25.8982    1488.70 0.0000e+00
       1101 145.405975     38.219     38.573     9.9679  36.749481     0.7188 4.2643e-01    280.185     98.406     38.219    33.6436    25.8982    1488.70 0.0000e+00
       1102 145.405975     38.262     38.617     9.9680  36.749611     0.5353 4.3796e-01    280.386     98.479     38.262    33.6436    25.8982    1488.70 0.0000e+00
       1103 145.405975     38.303     38.659     9.9681  36.749672     0.5432 4.2197e-01    280.500     98.521     38.303    33.6435    25.8981    1488.70 0.0000e+00
       1104 145.405975     38.344     38.699     9.9682  36.749699     0.5621 4.2755e-01    280.692     98.590     38.344    33.6434    25.8981    1488.70 0.0000e+00
       1105 145.405991     38.383     38.739     9.9683  36.749763     0.5521 4.3263e-01    280.876     98.656     38.383    33.6434    25.8981    1488.70 0.0000e+00
       1106 145.405991     38.421     38.777     9.9683  36.749840     0.5442 4.3196e-01    280.932     98.676     38.421    33.6435    25.8981    1488.70 0.0000e+00
       1107 145.405991     38.459     38.816     9.9684  36.749832     0.5849 4.2179e-01    280.816     98.634     38.459    33.6434    25.8980    1488.70 0.0000e+00
       1108 145.405991     38.496     38.854     9.9684  36.749710     0.5859 4.2792e-01    280.777     98.619     38.496    33.6432    25.8979    1488.70 0.0000e+00
       1109 145.405991     38.534     38.891     9.9683  36.749565     0.4103 4.1638e-01    280.596     98.552     38.534    33.6431    25.8978    1488.70 0.0000e+00
       1110 145.406006     38.572     38.929     9.9682  36.749470     0.4034 4.2151e-01    279.987     98.336     38.572    33.6431    25.8978    1488.71 0.0000e+00
       1111 145.406006     38.610     38.968     9.9681  36.749355     0.5512 4.1921e-01    279.820     98.275     38.610    33.6431    25.8978    1488.71 0.0000e+00
       1112 145.406006     38.648     39.007     9.9680  36.749134     0.5551 4.2364e-01    279.134     98.033     38.648    33.6430    25.8978    1488.71 0.0000e+00
       1113 145.406006     38.687     39.046     9.9678  36.748711     0.5611 4.1921e-01    278.792     97.913     38.687    33.6427    25.8976    1488.70 0.0000e+00
       1114 145.406006     38.726     39.085     9.9675  36.747925     0.5670 4.3187e-01    278.570     97.835     38.726    33.6422    25.8972    1488.70 0.0000e+00
       1115 145.406006     38.766     39.126     9.9669  36.746700     0.6682 4.2216e-01    278.471     97.800     38.766    33.6415    25.8967    1488.70 0.0000e+00
       1116 145.406021     38.807     39.167     9.9659  36.745365     0.6632 4.1212e-01    278.282     97.733     38.807    33.6410    25.8966    1488.70 0.0000e+00
       1117 145.406021     38.848     39.209     9.9646  36.744514     0.4034 4.0294e-01    278.503     97.810     38.848    33.6413    25.8970    1488.69 0.0000e+00
       1118 145.406021     38.891     39.252     9.9633  36.744431     0.4083 3.9613e-01    278.774     97.906     38.891    33.6424    25.8981    1488.69 0.0000e+00
       1119 145.406021     38.934     39.295     9.9626  36.744858     0.5065 4.1447e-01    278.876     97.943     38.934    33.6435    25.8991    1488.69 0.0000e+00
       1120 145.406021     38.977     39.339     9.9624  36.745316     0.5105 3.9717e-01    278.951     97.970     38.977    33.6441    25.8995    1488.69 0.0000e+00
       1121 145.406036     39.020     39.382     9.9627  36.745594     0.4411 4.1565e-01    279.131     98.034     39.020    33.6441    25.8995    1488.69 0.0000e+00
       1122 145.406036     39.063     39.426     9.9630  36.745728     0.4421 4.0710e-01    279.174     98.050     39.063    33.6440    25.8994    1488.70 0.0000e+00
       1123 145.406036     39.106     39.469     9.9632  36.745640     0.4827 4.0066e-01    279.292     98.092     39.106    33.6436    25.8991    1488.70 0.0000e+00
       1124 145.406036     39.149     39.512     9.9633  36.745224     0.4847 3.9891e-01    279.320     98.103     39.149    33.6431    25.8986    1488.70 0.0000e+00
       1125 145.406036     39.192     39.555     9.9632  36.744545     0.7961 3.9388e-01    279.453     98.149     39.192    33.6425    25.8982    1488.70 0.0000e+00
       1126 145.406052     39.234     39.598     9.9627  36.743774     0.7862 3.8951e-01    279.506     98.167     39.234    33.6422    25.8980    1488.69 0.0000e+00
       1127 145.406052     39.276     39.640     9.9620  36.743057     0.7594 3.9483e-01    279.591     98.196     39.276    33.6420    25.8980    1488.69 0.0000e+00
       1128 145.406052     39.318     39.683     9.9612  36.742504     0.5135 3.8730e-01    279.684     98.228     39.318    33.6422    25.8983    1488.69 0.0000e+00
       1129 145.406052     39.359     39.725     9.9605  36.742146     0.5234 3.8756e-01    279.781     98.262     39.359    33.6425    25.8987    1488.69 0.0000e+00
       1130 145.406052     39.400     39.766     9.9599  36.741882     0.7218 3.7768e-01    279.829     98.279     39.400    33.6428    25.8990    1488.69 0.0000e+00
       1131 145.406052     39.441     39.807     9.9594  36.741756     0.7118 3.7008e-01    279.841     98.283     39.441    33.6431    25.8993    1488.69 0.0000e+00
       1132 145.406067     39.482     39.848     9.9591  36.741760     0.8279 3.7570e-01    279.867     98.293     39.482    33.6433    25.8995    1488.69 0.0000e+00
       1133 145.406067     39.522     39.889     9.9589  36.741798     0.8289 3.7464e-01    279.887     98.300     39.522    33.6435    25.8997    1488.69 0.0000e+00
       1134 145.406067     39.562     39.929     9.9588  36.741867     1.2147 3.7325e-01    279.940     98.319     39.562    33.6437    25.8998    1488.69 0.0000e+00
       1135 145.406067     39.601     39.968     9.9588  36.742054     1.2117 3.7129e-01    280.118     98.381     39.601    33.6439    25.9000    1488.69 0.0000e+00
       1136 145.406067     39.640     40.008     9.9589  36.742344     0.6682 3.6437e-01    280.045     98.355     39.640    33.6441    25.9001    1488.69 0.0000e+00
       1137 145.406082     39.678     40.047     9.9591  36.742672     0.6761 3.6160e-01    279.896     98.302     39.678    33.6442    25.9002    1488.69 0.0000e+00
       1138 145.406082     39.717     40.086     9.9593  36.742981     0.5918 3.5907e-01    279.743     98.248     39.717    33.6443    25.9002    1488.69 0.0000e+00
       1139 145.406082     39.757     40.126     9.9596  36.743225     0.5908 3.6326e-01    279.589     98.195     39.757    33.6443    25.9002    1488.69 0.0000e+00
       1140 145.406082     39.797     40.166     9.9599  36.743378     0.5343 3.5610e-01    279.363     98.116     39.797    33.6441    25.9000    1488.70 0.0000e+00
       1141 145.406082     39.838     40.208     9.9601  36.743420     0.5333 3.4688e-01    279.369     98.118     39.838    33.6439    25.8998    1488.70 0.0000e+00
       1142 145.406097     39.881     40.251     9.9603  36.743332     0.5621 3.5146e-01    279.263     98.080     39.881    33.6437    25.8996    1488.70 0.0000e+00
       1143 145.406097     39.926     40.296     9.9603  36.743179     0.5591 3.5261e-01    279.148     98.040     39.926    33.6434    25.8994    1488.70 0.0000e+00
       1144 145.406097     39.972     40.343     9.9603  36.743073     0.4103 3.2957e-01    279.277     98.085     39.972    33.6434    25.8994    1488.70 0.0000e+00
       1145 145.406097     40.020     40.391     9.9601  36.743050     0.4143 3.3087e-01    279.370     98.117     40.020    33.6435    25.8995    1488.70 0.0000e+00
       1146 145.406097     40.068     40.440     9.9600  36.743107     0.4421 3.4393e-01    279.724     98.241     40.068    33.6436    25.8996    1488.70 0.0000e+00
       1147 145.406113     40.117     40.490     9.9599  36.743229     0.4411 3.4116e-01    280.029     98.347     40.117    33.6438    25.8998    1488.70 0.0000e+00
       1148 145.406113     40.166     40.539     9.9598  36.743347     0.4242 3.1450e-01    280.034     98.348     40.166    33.6440    25.8999    1488.70 0.0000e+00
       1149 145.406113     40.214     40.587     9.9599  36.743439     0.4302 3.3568e-01    279.888     98.297     40.214    33.6440    25.8999    1488.70 0.0000e+00
       1150 145.406113     40.260     40.634     9.9599  36.743500     0.3865 3.3649e-01    279.848     98.283     40.260    33.6440    25.8999    1488.70 0.0000e+00
       1151 145.406113     40.305     40.679     9.9600  36.743511     0.4421 3.1156e-01    280.050     98.354     40.305    33.6439    25.8999    1488.70 0.0000e+00
       1152 145.406113     40.348     40.722     9.9600  36.743446     0.4391 3.2856e-01    280.198     98.406     40.348    33.6438    25.8998    1488.71 0.0000e+00
       1153 145.406128     40.389     40.764     9.9600  36.743336     0.3905 3.2620e-01    280.019     98.342     40.389    33.6437    25.8997    1488.71 0.0000e+00
       1154 145.406128     40.429     40.804     9.9599  36.743252     0.4004 3.0965e-01    279.944     98.315     40.429    33.6437    25.8997    1488.71 0.0000e+00
       1155 145.406128     40.468     40.843     9.9598  36.743237     0.4093 3.1740e-01    279.912     98.305     40.468    33.6437    25.8997    1488.71 0.0000e+00
       1156 145.406128     40.506     40.882     9.9598  36.743279     0.4182 3.0223e-01    279.925     98.309     40.506    33.6438    25.8998    1488.71 0.0000e+00
