Data_manuscript/Scotland/SBE55/ly2.cnv
* Sea-Bird SBE 19plus Data File:
* FileName = C:\Data\sbe55_sbe19p_5215\2023-05-25\0030.hex
* Software Version SeatermAF 2.1.4
* Temperature SN = 5215
* Conductivity SN = 5215
* System UpLoad Time = May 25 2023 13:10:02 (localtime) = May 25 2023 13:10:02 (UTC)
* ds
* SeacatPlus V 1.6b  SERIAL NO. 5215    25 May 2023  13:06:23
# nquan = 15                                
# nvalues = 2967                        
# units = specified
# name 0 = scan: Scan Count
# name 1 = timeJ: Julian Days
# name 2 = depSM: Depth [salt water, m], lat = 56.00
# name 3 = prdM: Pressure, Strain Gauge [db]
# name 4 = tv290C: Temperature [ITS-90, deg C]
# name 5 = c0mS/cm: Conductivity [mS/cm]
# name 6 = flECO-AFL: Fluorescence, WET Labs ECO-AFL/FL [mg/m^3]
# name 7 = par/sat/log: PAR/Logarithmic, Satlantic [umol photons/m^2/sec]
# name 8 = sbeox0Mm/L: Oxygen, SBE 43 [umol/l]
# name 9 = sbeox0PS: Oxygen, SBE 43 [% saturation]
# name 10 = depSM: Depth [salt water, m], lat = 56
# name 11 = sal00: Salinity, Practical [PSU]
# name 12 = sigma-t00: Density [sigma-t, kg/m^3 ]
# name 13 = svCM: Sound Velocity [Chen-Millero, m/s]
# name 14 = flag: flag
# span 0 =          1,       2967       
# span 1 = 145.402786, 145.411377       
# span 2 =      0.116,     51.465       
# span 3 =      0.117,     51.944       
# span 4 =     9.9405,    13.4974       
# span 5 =   0.001834,  36.976616       
# span 6 =    -0.5895,     2.1917       
# span 7 = 5.3238e-02, 2.6682e+03       
# span 8 =    204.549,    359.652       
# span 9 =     73.455,    121.949       
# span 10 =      0.116,     51.465      
# span 11 =     0.0073,    33.6516      
# span 12 =    -0.6800,    25.9090      
# span 13 =    1452.88,    1491.87      
# span 14 = 0.0000e+00, 0.0000e+00      
# interval = seconds: 0.25
# start_time = May 25 2023 09:40:01 [Instrument's time stamp, header]
# bad_flag = -9.990e-29
*END*
[from data line 2892]
       2893 145.411163      1.683      1.698    11.0728  36.594357     0.4331 1.0353e+02    306.817    109.716      1.683    32.5008    24.8171    1490.64 0.0000e+00
       2894 145.411163      1.641      1.656    11.0688  36.600010     0.5055 1.0515e+02    306.515    109.623      1.641    32.5100    24.8249    1490.64 0.0000e+00
       2895 145.411163      1.599      1.614    11.0648  36.598698     0.5035 1.1150e+02    306.188    109.531      1.599    32.5122    24.8273    1490.63 0.0000e+00
       2896 145.411163      1.556      1.571    11.0632  36.592228     0.4173 1.0367e+02    305.640    109.359      1.556    32.5073    24.8238    1490.62 0.0000e+00
       2897 145.411163      1.514      1.528    11.0651  36.581345     0.4073 1.0559e+02    304.958    109.130      1.514    32.4949    24.8138    1490.61 0.0000e+00
       2898 145.411179      1.471      1.484    11.0709  36.566841     0.4698 1.2074e+02    304.617    109.021      1.471    32.4754    24.7976    1490.60 0.0000e+00
       2899 145.411179      1.428      1.441    11.0799  36.552570     0.4738 1.2314e+02    304.264    108.893      1.428    32.4534    24.7789    1490.61 0.0000e+00
       2900 145.411179      1.385      1.397    11.0907  36.541733     0.6811 1.1733e+02    304.182    108.857      1.385    32.4332    24.7613    1490.62 0.0000e+00
       2901 145.411179      1.342      1.354    11.1018  36.534084     0.6682 1.1462e+02    304.192    108.864      1.342    32.4159    24.7459    1490.64 0.0000e+00
       2902 145.411179      1.299      1.311    11.1122  36.528473     0.4361 1.3591e+02    304.231    108.877      1.299    32.4012    24.7326    1490.66 0.0000e+00
       2903 145.411194      1.256      1.268    11.1215  36.523880     0.4371 1.4192e+02    304.055    108.819      1.256    32.3885    24.7210    1490.67 0.0000e+00
       2904 145.411194      1.213      1.224    11.1298  36.519081     0.4341 1.4876e+02    303.336    108.550      1.213    32.3764    24.7102    1490.69 0.0000e+00
       2905 145.411194      1.169      1.179    11.1379  36.513348     0.4401 1.4283e+02    347.595    108.451      1.169    32.3637    24.6989    1490.70 0.0000e+00
       2906 145.411194      1.124      1.134    11.1466  36.507378     0.5650 1.4682e+02    358.563    108.118      1.124    32.3502    24.6869    1490.71 0.0000e+00
       2907 145.411194      1.078      1.088    11.1558  36.501537     0.5680 1.2162e+02    359.652    107.934      1.078    32.3364    24.6745    1490.73 0.0000e+00
       2908 145.411194      1.031      1.041    11.1650  36.494541    -0.5895 1.6947e+02    332.693    107.701      1.031    32.3214    24.6612    1490.74 0.0000e+00
       2909 145.411209      0.984      0.993    11.1746  36.485775    -0.5835 1.3230e+02    340.005    107.461      0.984    32.3044    24.6462    1490.75 0.0000e+00
       2910 145.411209      0.937      0.946    11.1850  36.474686    -0.2413 1.2764e+02    304.851    106.943      0.937    32.2844    24.6288    1490.76 0.0000e+00
       2911 145.411209      0.891      0.899    11.1958  36.458858    -0.2403 1.2617e+02    298.583    105.930      0.891    32.2594    24.6075    1490.77 0.0000e+00
       2912 145.411209      0.845      0.853    11.2065  36.434258    -0.2731 1.4279e+02    334.134    104.242      0.845    32.2258    24.5794    1490.77 0.0000e+00
       2913 145.411209      0.799      0.806    11.2169  36.394676     0.0047 1.2485e+02    330.552    101.911      0.799    32.1778    24.5403    1490.75 0.0000e+00
       2914 145.411224      0.753      0.759    11.2263  36.329502     0.0066 1.3247e+02    328.299     99.064      0.753    32.1055    24.4824    1490.69 0.0000e+00
       2915 145.411224      0.706      0.712    11.2339  36.221146     0.1147 1.4010e+02    318.928     96.002      0.706    31.9925    24.3932    1490.58 0.0000e+00
       2916 145.411224      0.660      0.666    11.2391  36.040722     0.1128 1.4879e+02    309.153     93.004      0.660    31.8110    24.2511    1490.38 0.0000e+00
       2917 145.411224      0.614      0.620    11.2419  35.739754     0.0096 1.6066e+02    301.214     90.358      0.614    31.5136    24.0195    1490.03 0.0000e+00
       2918 145.411224      0.570      0.575    11.2433  35.237434     0.0126 1.6730e+02    295.955     88.334      0.570    31.0210    23.6364    1489.45 0.0000e+00
       2919 145.411240      0.527      0.532    11.2441  34.399254    -0.0003 1.8203e+02    292.858     86.963      0.527    30.2025    23.0004    1488.46 0.0000e+00
       2920 145.411240      0.484      0.489    11.2451  33.001213     0.0086 1.9881e+02    290.248     86.248      0.484    28.8447    21.9457    1486.84 0.0000e+00
       2921 145.411240      0.443      0.448    11.2460  30.670616     0.0017 1.1340e+03    289.605     85.941      0.443    26.6004    20.2038    1484.15 0.0000e+00
       2922 145.411240      0.405      0.409    11.2465  26.787825     0.0106 1.4321e+03    290.782     86.096      0.405    22.9153    17.3467    1479.74 0.0000e+00
       2923 145.411240      0.370      0.373    11.2462  21.873793     0.0027 1.4737e+03    292.165     86.390      0.370    18.3509    13.8119    1474.28 0.0000e+00
       2924 145.411240      0.338      0.342    11.2451  18.152161     0.0066 1.5044e+03    293.815     86.762      0.338    14.9730    11.1979    1470.24 0.0000e+00
       2925 145.411255      0.312      0.315    11.2432  17.096344     0.0076 1.4955e+03    295.743     87.265      0.312    14.0286    10.4674    1469.10 0.0000e+00
       2926 145.411255      0.291      0.294    11.2410  18.046095     0.0106 1.5246e+03    297.074     87.635      0.291    14.8794    11.1261    1470.11 0.0000e+00
       2927 145.411255      0.275      0.277    11.2386  19.744555     0.0136 7.9153e+02    298.564     88.048      0.275    16.4127    12.3129    1471.94 0.0000e+00
       2928 145.411255      0.262      0.264    11.2366  21.097170    -0.0043 2.6581e+02    299.865     88.438      0.262    17.6447    13.2667    1473.40 0.0000e+00
       2929 145.411255      0.252      0.254    11.2354  20.256609     0.0156 2.5995e+02    301.065     88.816      0.252    16.8791    12.6743    1472.48 0.0000e+00
       2930 145.411270      0.244      0.246    11.2351  17.032492     0.0136 2.2748e+02    302.550     89.128      0.244    13.9747    10.4268    1469.01 0.0000e+00
       2931 145.411270      0.238      0.240    11.2352  13.510509    -0.0033 2.3481e+02    303.560     89.306      0.238    10.8686     8.0232    1465.29 0.0000e+00
       2932 145.411270      0.234      0.236    11.2353  10.774030     0.0017 2.4860e+02    303.863     89.588      0.234     8.5101     6.1974    1462.46 0.0000e+00
       2933 145.411270      0.230      0.232    11.2350   8.812032    -0.0053 1.4187e+03    304.867     89.782      0.230     6.8531     4.9139    1460.47 0.0000e+00
       2934 145.411270      0.227      0.229    11.2344   7.442746     0.0017 1.3987e+03    305.412     89.951      0.227     5.7162     4.0326    1459.09 0.0000e+00
       2935 145.411285      0.225      0.227    11.2335   6.384342    -0.0082 2.5600e+02    306.328     90.111      0.225     4.8497     3.3606    1458.04 0.0000e+00
       2936 145.411285      0.223      0.225    11.2325   5.501773     0.0116 3.1810e+02    306.970     90.264      0.223     4.1365     2.8070    1457.17 0.0000e+00
       2937 145.411285      0.222      0.224    11.2313   4.796958     0.0066 1.4747e+03    307.544     90.403      0.222     3.5735     2.3699    1456.49 0.0000e+00
       2938 145.411285      0.221      0.223    11.2300   4.274652     0.0056 6.8663e+02    308.223     90.497      0.221     3.1606     2.0492    1455.98 0.0000e+00
       2939 145.411285      0.220      0.222    11.2286   3.861866     0.0086 1.5176e+03    308.907     90.660      0.220     2.8371     1.7978    1455.58 0.0000e+00
       2940 145.411301      0.219      0.221    11.2270   3.504587     0.0136 1.5423e+03    309.444     90.732      0.219     2.5592     1.5817    1455.23 0.0000e+00
       2941 145.411301      0.219      0.221    11.2254   3.203789    -0.0003 1.5302e+03    310.035     90.778      0.219     2.3269     1.4011    1454.94 0.0000e+00
       2942 145.411301      0.218      0.220    11.2237   2.963173    -0.0033 1.5093e+03    310.180     90.823      0.218     2.1422     1.2575    1454.71 0.0000e+00
       2943 145.411301      0.218      0.220    11.2218   2.782122     0.0056 1.4277e+03    310.178     90.880      0.218     2.0040     1.1501    1454.54 0.0000e+00
       2944 145.411301      0.217      0.219    11.2199   2.653131     0.0136 1.4156e+03    310.238     90.862      0.217     1.9059     1.0739    1454.41 0.0000e+00
       2945 145.411301      0.217      0.219    11.2180   2.561510     0.0136 1.4033e+03    310.521     90.924      0.217     1.8365     1.0200    1454.32 0.0000e+00
       2946 145.411316      0.217      0.219    11.2161   2.491522     0.0047 1.4676e+03    310.392     90.891      0.217     1.7836     0.9790    1454.24 0.0000e+00
       2947 145.411316      0.217      0.219    11.2141   2.420418     0.0017 1.5149e+03    310.464     90.878      0.217     1.7299     0.9374    1454.17 0.0000e+00
       2948 145.411316      0.217      0.219    11.2121   2.337858     0.0126 1.5004e+03 -9.990e-29 -9.990e-29      0.217     1.6677     0.8891    1454.09 0.0000e+00
       2949 145.411316      0.217      0.219    11.2101   2.274006     0.0106 1.5070e+03 -9.990e-29 -9.990e-29      0.217     1.6198     0.8520    1454.02 0.0000e+00
       2950 145.411316      0.217      0.219    11.2081   2.236577     0.0195 1.5494e+03 -9.990e-29 -9.990e-29      0.217     1.5917     0.8303    1453.98 0.0000e+00
       2951 145.411331      0.217      0.219    11.2061   2.187110     0.0166 1.5269e+03 -9.990e-29 -9.990e-29      0.217     1.5547     0.8017    1453.92 0.0000e+00
       2952 145.411331      0.217      0.219    11.2041   2.109990     0.7436 1.4564e+03 -9.990e-29 -9.990e-29      0.217     1.4970     0.7569    1453.85 0.0000e+00
       2953 145.411331      0.217      0.219    11.2021   2.012475     0.7327 1.4893e+03 -9.990e-29 -9.990e-29      0.217     1.4243     0.7004    1453.75 0.0000e+00
       2954 145.411331      0.217      0.219    11.2001   1.904530     0.2605 1.5001e+03 -9.990e-29 -9.990e-29      0.217     1.3440     0.6379    1453.64 0.0000e+00
       2955 145.411331      0.217      0.219    11.1982   1.787773     0.2596 1.4731e+03 -9.990e-29 -9.990e-29      0.217     1.2574     0.5706    1453.53 0.0000e+00
       2956 145.411346      0.217      0.219    11.1964   1.660223     0.1624 4.2031e+02 -9.990e-29 -9.990e-29      0.217     1.1633     0.4974    1453.41 0.0000e+00
       2957 145.411346      0.216      0.218    11.1946   1.529477     0.0066 2.4893e+02 -9.990e-29 -9.990e-29      0.216     1.0673     0.4226    1453.28 0.0000e+00
       2958 145.411346      0.216      0.218    11.1930   1.400650     0.0047 2.2748e+02 -9.990e-29 -9.990e-29      0.216     0.9732     0.3493    1453.16 0.0000e+00
       2959 145.411346      0.216      0.218    11.1914   1.291251     0.0076 2.3378e+02 -9.990e-29 -9.990e-29      0.216     0.8937     0.2874    1453.05 0.0000e+00
       2960 145.411346      0.216      0.218    11.1898   1.224451     0.0047 2.4285e+02 -9.990e-29 -9.990e-29      0.216     0.8454     0.2498    1452.99 0.0000e+00
       2961 145.411362      0.216      0.218    11.1882   1.190512     0.0146 6.1443e+02 -9.990e-29 -9.990e-29      0.216     0.8209     0.2308    1452.95 0.0000e+00
       2962 145.411362      0.215      0.217    11.1867   1.164585     0.0066 1.2829e+03 -9.990e-29 -9.990e-29      0.215     0.8022     0.2164    1452.92 0.0000e+00
       2963 145.411362      0.215      0.217    11.1854   1.142786     0.0007 2.5706e+02 -9.990e-29 -9.990e-29      0.215     0.7865     0.2042    1452.90 0.0000e+00
       2964 145.411362      0.215      0.217    11.1844   1.128643     0.0066 1.4409e+03 -9.990e-29 -9.990e-29      0.215     0.7764     0.1964    1452.88 0.0000e+00
       2965 145.411362      0.215      0.217    11.1840   1.123269     0.0066 6.9070e+02 -9.990e-29 -9.990e-29      0.215     0.7725     0.1934    1452.88 0.0000e+00
       2966 145.411362      0.215      0.217 -9.990e-29 -9.990e-29     0.0205 2.4488e+02 -9.990e-29 -9.990e-29      0.215 -9.990e-29 -9.990e-29 -9.990e-29 0.0000e+00
       2967 145.411377      0.215      0.217 -9.990e-29 -9.990e-29     0.0146 2.3460e+02 -9.990e-29 -9.990e-29      0.215 -9.990e-29 -9.990e-29 -9.990e-29 0.0000e+00
