Data_manuscript/Scotland/SBE55/ly2.cnv
* Sea-Bird SBE 19plus Data File:
* FileName = C:\Data\sbe55_sbe19p_5215\2023-05-25\0030.hex
* Software Version SeatermAF 2.1.4
* Temperature SN = 5215
* Conductivity SN = 5215
* System UpLoad Time = May 25 2023 13:10:02 (localtime) = May 25 2023 13:10:02 (UTC)
* ds
* SeacatPlus V 1.6b  SERIAL NO. 5215    25 May 2023  13:06:23
# nquan = 15                                
# nvalues = 2967                        
# units = specified
# name 0 = scan: Scan Count
# name 1 = timeJ: Julian Days
# name 2 = depSM: Depth [salt water, m], lat = 56.00
# name 3 = prdM: Pressure, Strain Gauge [db]
# name 4 = tv290C: Temperature [ITS-90, deg C]
# name 5 = c0mS/cm: Conductivity [mS/cm]
# name 6 = flECO-AFL: Fluorescence, WET Labs ECO-AFL/FL [mg/m^3]
# name 7 = par/sat/log: PAR/Logarithmic, Satlantic [umol photons/m^2/sec]
# name 8 = sbeox0Mm/L: Oxygen, SBE 43 [umol/l]
# name 9 = sbeox0PS: Oxygen, SBE 43 [% saturation]
# name 10 = depSM: Depth [salt water, m], lat = 56
# name 11 = sal00: Salinity, Practical [PSU]
# name 12 = sigma-t00: Density [sigma-t, kg/m^3 ]
# name 13 = svCM: Sound Velocity [Chen-Millero, m/s]
# name 14 = flag: flag
# span 0 =          1,       2967       
# span 1 = 145.402786, 145.411377       
# span 2 =      0.116,     51.465       
# span 3 =      0.117,     51.944       
# span 4 =     9.9405,    13.4974       
# span 5 =   0.001834,  36.976616       
# span 6 =    -0.5895,     2.1917       
# span 7 = 5.3238e-02, 2.6682e+03       
# span 8 =    204.549,    359.652       
# span 9 =     73.455,    121.949       
# span 10 =      0.116,     51.465      
# span 11 =     0.0073,    33.6516      
# span 12 =    -0.6800,    25.9090      
# span 13 =    1452.88,    1491.87      
# span 14 = 0.0000e+00, 0.0000e+00      
# interval = seconds: 0.25
# start_time = May 25 2023 09:40:01 [Instrument's time stamp, header]
# bad_flag = -9.990e-29
*END*
[from data line 1446]
       1447 145.406967     51.172     51.649     9.9418  36.738979     0.5016 5.3355e-02    279.795     98.234     51.172    33.6513    25.9087    1488.83 0.0000e+00
       1448 145.406982     51.140     51.616     9.9418  36.739006     0.4559 5.3343e-02    279.933     98.283     51.140    33.6514    25.9087    1488.83 0.0000e+00
       1449 145.406982     51.108     51.584     9.9418  36.739052     0.4589 5.3413e-02    279.914     98.276     51.108    33.6514    25.9087    1488.83 0.0000e+00
       1450 145.406982     51.077     51.552     9.9418  36.739098     0.4460 5.3367e-02    279.890     98.268     51.077    33.6515    25.9088    1488.83 0.0000e+00
       1451 145.406982     51.045     51.521     9.9419  36.739113     0.4381 5.3425e-02    279.991     98.303     51.045    33.6514    25.9087    1488.83 0.0000e+00
       1452 145.406982     51.015     51.490     9.9420  36.739109     0.4718 6.3627e-02    279.893     98.269     51.015    33.6514    25.9087    1488.83 0.0000e+00
       1453 145.406998     50.985     51.459     9.9420  36.739101     0.4668 5.3413e-02    279.843     98.252     50.985    33.6514    25.9087    1488.83 0.0000e+00
       1454 145.406998     50.955     51.429     9.9420  36.739094     0.5283 5.3367e-02    279.964     98.294     50.955    33.6513    25.9086    1488.83 0.0000e+00
       1455 145.406998     50.925     51.399     9.9420  36.739098     0.5224 5.3273e-02    279.740     98.216     50.925    33.6513    25.9086    1488.83 0.0000e+00
       1456 145.406998     50.896     51.370     9.9420  36.739113     0.4252 5.3332e-02    279.901     98.273     50.896    33.6514    25.9087    1488.83 0.0000e+00
       1457 145.406998     50.867     51.340     9.9421  36.739128     0.4262 5.3367e-02    280.014     98.312     50.867    33.6514    25.9087    1488.82 0.0000e+00
       1458 145.406998     50.837     51.310     9.9421  36.739151     0.3964 5.3332e-02    279.872     98.262     50.837    33.6514    25.9087    1488.82 0.0000e+00
       1459 145.407013     50.807     51.280     9.9421  36.739159     0.4758 5.3308e-02    280.022     98.314     50.807    33.6514    25.9087    1488.82 0.0000e+00
       1460 145.407013     50.777     51.250     9.9422  36.739155     0.4698 5.5183e-02    280.072     98.331     50.777    33.6513    25.9086    1488.82 0.0000e+00
       1461 145.407013     50.747     51.219     9.9422  36.739159     0.6117 5.5159e-02    280.121     98.348     50.747    33.6513    25.9086    1488.82 0.0000e+00
       1462 145.407013     50.716     51.188     9.9423  36.739143     0.6156 5.9664e-02    280.174     98.366     50.716    33.6513    25.9085    1488.82 0.0000e+00
       1463 145.407013     50.685     51.157     9.9423  36.739117     0.4837 5.6762e-02    280.222     98.382     50.685    33.6512    25.9085    1488.82 0.0000e+00
       1464 145.407028     50.653     51.124     9.9423  36.739090     0.4847 5.3332e-02    280.200     98.374     50.653    33.6512    25.9085    1488.82 0.0000e+00
       1465 145.407028     50.620     51.091     9.9424  36.739056     0.4778 5.3472e-02    280.208     98.377     50.620    33.6511    25.9084    1488.82 0.0000e+00
       1466 145.407028     50.585     51.056     9.9424  36.739025     0.4649 5.8169e-02    280.387     98.440     50.585    33.6511    25.9084    1488.82 0.0000e+00
       1467 145.407028     50.550     51.020     9.9424  36.739014     0.4579 6.5091e-02    280.143     98.355     50.550    33.6511    25.9084    1488.82 0.0000e+00
       1468 145.407028     50.512     50.982     9.9424  36.739025     0.4500 5.3297e-02    280.258     98.395     50.512    33.6511    25.9084    1488.82 0.0000e+00
       1469 145.407043     50.474     50.944     9.9425  36.739048     0.5343 5.3413e-02    280.328     98.420     50.474    33.6511    25.9084    1488.82 0.0000e+00
       1470 145.407043     50.436     50.905     9.9425  36.739098     0.5462 5.3238e-02    280.527     98.491     50.436    33.6511    25.9084    1488.82 0.0000e+00
       1471 145.407043     50.397     50.866     9.9426  36.739162     0.4391 5.3320e-02    280.512     98.486     50.397    33.6512    25.9084    1488.82 0.0000e+00
       1472 145.407043     50.360     50.828     9.9426  36.739185     0.4391 6.2155e-02    280.408     98.450     50.360    33.6512    25.9084    1488.82 0.0000e+00
       1473 145.407043     50.323     50.792     9.9427  36.739143     0.4817 5.3355e-02    280.269     98.402     50.323    33.6511    25.9083    1488.82 0.0000e+00
       1474 145.407059     50.289     50.757     9.9427  36.739037     0.4907 7.0269e-02    280.462     98.470     50.289    33.6510    25.9082    1488.82 0.0000e+00
       1475 145.407059     50.257     50.725     9.9426  36.738880     0.5551 5.3308e-02    280.387     98.443     50.257    33.6509    25.9082    1488.82 0.0000e+00
       1476 145.407059     50.227     50.695     9.9425  36.738701     0.5512 5.3332e-02    280.210     98.381     50.227    33.6508    25.9081    1488.82 0.0000e+00
       1477 145.407059     50.200     50.667     9.9424  36.738518     0.4619 5.4119e-02    280.003     98.308     50.200    33.6507    25.9081    1488.81 0.0000e+00
       1478 145.407059     50.175     50.642     9.9422  36.738312     0.4688 6.5091e-02    280.148     98.359     50.175    33.6507    25.9081    1488.81 0.0000e+00
       1479 145.407059     50.151     50.618     9.9420  36.738098     0.4797 5.3390e-02    280.313     98.417     50.151    33.6507    25.9081    1488.81 0.0000e+00
       1480 145.407074     50.128     50.594     9.9419  36.737938     0.4797 5.3355e-02    280.252     98.395     50.128    33.6507    25.9082    1488.81 0.0000e+00
       1481 145.407074     50.105     50.571     9.9417  36.737862     0.4450 5.5171e-02    280.243     98.393     50.105    33.6507    25.9082    1488.81 0.0000e+00
       1482 145.407074     50.081     50.547     9.9417  36.737820     0.4341 5.3262e-02    280.204     98.379     50.081    33.6508    25.9082    1488.81 0.0000e+00
       1483 145.407074     50.056     50.521     9.9417  36.737823     0.4331 5.3343e-02    280.286     98.407     50.056    33.6508    25.9083    1488.81 0.0000e+00
       1484 145.407074     50.028     50.494     9.9417  36.737858     0.4569 5.8182e-02    280.212     98.382     50.028    33.6508    25.9083    1488.81 0.0000e+00
       1485 145.407089     49.998     50.464     9.9418  36.737923     0.4559 6.5190e-02    280.234     98.388     49.998    33.6508    25.9083    1488.81 0.0000e+00
       1486 145.407089     49.966     50.431     9.9419  36.738014     0.5551 5.8195e-02    280.196     98.375     49.966    33.6508    25.9083    1488.81 0.0000e+00
       1487 145.407089     49.933     50.397     9.9420  36.738144     0.5432 5.3355e-02    280.093     98.338     49.933    33.6509    25.9083    1488.81 0.0000e+00
       1488 145.407089     49.898     50.362     9.9422  36.738297     0.5859 5.3343e-02    280.409     98.448     49.898    33.6509    25.9082    1488.81 0.0000e+00
       1489 145.407089     49.862     50.326     9.9424  36.738422     0.5869 5.3355e-02    280.448     98.462     49.862    33.6508    25.9082    1488.81 0.0000e+00
       1490 145.407104     49.826     50.290     9.9426  36.738499     0.5521 6.5233e-02    280.589     98.513     49.826    33.6507    25.9080    1488.81 0.0000e+00
       1491 145.407104     49.791     50.254     9.9428  36.738518     0.5611 6.5148e-02    280.710     98.555     49.791    33.6506    25.9079    1488.81 0.0000e+00
       1492 145.407104     49.756     50.219     9.9429  36.738464     0.5373 5.3343e-02    281.074     98.684     49.756    33.6504    25.9078    1488.81 0.0000e+00
       1493 145.407104     49.722     50.184     9.9430  36.738388     0.5343 5.3800e-02    281.172     98.719     49.722    33.6503    25.9077    1488.81 0.0000e+00
       1494 145.407104     49.688     50.150     9.9430  36.738377     0.5700 5.4001e-02    281.191     98.726     49.688    33.6503    25.9077    1488.81 0.0000e+00
       1495 145.407120     49.654     50.116     9.9429  36.738384     0.5750 5.3390e-02    281.316     98.770     49.654    33.6504    25.9077    1488.81 0.0000e+00
       1496 145.407120     49.619     50.081     9.9429  36.738380     0.5829 6.5190e-02    281.095     98.693     49.619    33.6504    25.9078    1488.81 0.0000e+00
       1497 145.407120     49.585     50.047     9.9429  36.738346     0.5849 5.8169e-02    280.908     98.627     49.585    33.6504    25.9078    1488.81 0.0000e+00
       1498 145.407120     49.551     50.013     9.9429  36.738300     0.4718 6.8930e-02    280.570     98.509     49.551    33.6504    25.9077    1488.80 0.0000e+00
       1499 145.407120     49.519     49.979     9.9429  36.738247     0.4639 5.3402e-02    280.213     98.383     49.519    33.6503    25.9077    1488.80 0.0000e+00
       1500 145.407120     49.487     49.948     9.9429  36.738159     0.6612 6.3669e-02    280.108     98.346     49.487    33.6503    25.9077    1488.80 0.0000e+00
       1501 145.407135     49.457     49.918     9.9428  36.738022     0.6593 6.2250e-02    279.919     98.280     49.457    33.6502    25.9076    1488.80 0.0000e+00
       1502 145.407135     49.430     49.890     9.9428  36.737835     0.6384 5.5255e-02    279.588     98.163     49.430    33.6501    25.9075    1488.80 0.0000e+00
       1503 145.407135     49.404     49.863     9.9427  36.737640     0.4897 5.3355e-02    279.798     98.237     49.404    33.6500    25.9075    1488.80 0.0000e+00
       1504 145.407135     49.378     49.838     9.9425  36.737492     0.4916 6.7778e-02    279.737     98.215     49.378    33.6499    25.9075    1488.80 0.0000e+00
       1505 145.407135     49.352     49.812     9.9424  36.737400     0.4450 7.2867e-02    279.801     98.238     49.352    33.6500    25.9075    1488.80 0.0000e+00
       1506 145.407150     49.325     49.784     9.9424  36.737396     0.4421 5.3250e-02    279.763     98.224     49.325    33.6500    25.9076    1488.80 0.0000e+00
       1507 145.407150     49.296     49.755     9.9424  36.737522     0.5750 7.0238e-02    279.910     98.276     49.296    33.6502    25.9077    1488.80 0.0000e+00
       1508 145.407150     49.266     49.724     9.9424  36.737732     0.5779 5.6687e-02    279.992     98.304     49.266    33.6503    25.9078    1488.80 0.0000e+00
       1509 145.407150     49.233     49.691     9.9426  36.737961     0.4738 5.3448e-02    280.388     98.443     49.233    33.6505    25.9079    1488.80 0.0000e+00
       1510 145.407150     49.199     49.656     9.9427  36.738148     0.4718 6.3613e-02    280.725     98.561     49.199    33.6505    25.9079    1488.80 0.0000e+00
       1511 145.407166     49.164     49.621     9.9429  36.738285     0.5055 5.3694e-02    280.943     98.637     49.164    33.6505    25.9078    1488.80 0.0000e+00
       1512 145.407166     49.130     49.587     9.9431  36.738358     0.4976 5.3437e-02    281.371     98.788     49.130    33.6504    25.9077    1488.80 0.0000e+00
       1513 145.407166     49.096     49.553     9.9433  36.738365     0.4877 5.3355e-02    281.714     98.909     49.096    33.6503    25.9076    1488.80 0.0000e+00
       1514 145.407166     49.063     49.520     9.9434  36.738331     0.4887 6.0717e-02    281.767     98.927     49.063    33.6502    25.9075    1488.80 0.0000e+00
       1515 145.407166     49.031     49.488     9.9434  36.738277     0.4887 7.1447e-02    281.703     98.905     49.031    33.6501    25.9074    1488.80 0.0000e+00
       1516 145.407166     49.000     49.456     9.9435  36.738224     0.4897 6.5176e-02    281.437     98.811     49.000    33.6500    25.9073    1488.80 0.0000e+00
       1517 145.407181     48.969     49.424     9.9435  36.738174     0.5363 6.3752e-02    281.191     98.725     48.969    33.6499    25.9073    1488.80 0.0000e+00
       1518 145.407181     48.937     49.393     9.9435  36.738079     0.5363 7.2835e-02    280.803     98.588     48.937    33.6499    25.9072    1488.80 0.0000e+00
       1519 145.407181     48.906     49.361     9.9435  36.737953     0.4569 8.0316e-02    280.338     98.425     48.906    33.6497    25.9071    1488.80 0.0000e+00
       1520 145.407181     48.874     49.329     9.9435  36.737854     0.4510 6.7335e-02    280.135     98.353     48.874    33.6497    25.9071    1488.79 0.0000e+00
       1521 145.407181     48.843     49.298     9.9434  36.737770     0.5700 6.2305e-02    279.929     98.282     48.843    33.6497    25.9071    1488.79 0.0000e+00
       1522 145.407196     48.812     49.266     9.9434  36.737705     0.5789 5.5231e-02    279.756     98.221     48.812    33.6497    25.9071    1488.79 0.0000e+00
       1523 145.407196     48.781     49.235     9.9433  36.737652     0.4877 6.5162e-02    279.667     98.190     48.781    33.6497    25.9071    1488.79 0.0000e+00
       1524 145.407196     48.750     49.204     9.9433  36.737587     0.4916 6.0664e-02    279.574     98.157     48.750    33.6496    25.9071    1488.79 0.0000e+00
       1525 145.407196     48.719     49.172     9.9432  36.737488     0.4609 6.5190e-02    279.749     98.219     48.719    33.6496    25.9071    1488.79 0.0000e+00
       1526 145.407196     48.687     49.140     9.9432  36.737385     0.4024 6.5162e-02    279.897     98.271     48.687    33.6496    25.9071    1488.79 0.0000e+00
       1527 145.407211     48.655     49.107     9.9431  36.737289     0.4083 6.7778e-02    280.101     98.343     48.655    33.6496    25.9071    1488.79 0.0000e+00
       1528 145.407211     48.621     49.074     9.9430  36.737213     0.5174 8.2488e-02    280.220     98.384     48.621    33.6496    25.9071    1488.79 0.0000e+00
       1529 145.407211     48.587     49.039     9.9430  36.737164     0.5184 6.5148e-02    280.604     98.519     48.587    33.6495    25.9071    1488.79 0.0000e+00
       1530 145.407211     48.553     49.004     9.9430  36.737133     0.4480 5.9612e-02    280.913     98.628     48.553    33.6495    25.9071    1488.79 0.0000e+00
       1531 145.407211     48.519     48.970     9.9430  36.737110     0.4460 7.0346e-02    281.195     98.726     48.519    33.6495    25.9070    1488.79 0.0000e+00
       1532 145.407227     48.486     48.937     9.9431  36.737053     0.4182 7.0238e-02    281.290     98.759     48.486    33.6494    25.9070    1488.79 0.0000e+00
       1533 145.407227     48.454     48.905     9.9431  36.736942     0.4302 6.3738e-02    281.453     98.817     48.454    33.6493    25.9069    1488.79 0.0000e+00
       1534 145.407227     48.424     48.874     9.9431  36.736771     0.5194 5.3238e-02    281.334     98.775     48.424    33.6491    25.9067    1488.79 0.0000e+00
       1535 145.407227     48.395     48.846     9.9431  36.736561     0.5333 5.8119e-02    281.370     98.788     48.395    33.6489    25.9066    1488.78 0.0000e+00
       1536 145.407227     48.368     48.818     9.9431  36.736378     0.5353 6.7690e-02    281.357     98.783     48.368    33.6487    25.9064    1488.78 0.0000e+00
       1537 145.407227     48.341     48.791     9.9431  36.736298     0.5343 6.6269e-02    281.151     98.711     48.341    33.6487    25.9064    1488.78 0.0000e+00
       1538 145.407242     48.314     48.764     9.9431  36.736328     0.5164 6.2250e-02    281.043     98.673     48.314    33.6488    25.9065    1488.78 0.0000e+00
       1539 145.407242     48.286     48.735     9.9431  36.736435     0.5274 7.2931e-02    280.904     98.624     48.286    33.6489    25.9065    1488.78 0.0000e+00
       1540 145.407242     48.256     48.705     9.9431  36.736530     0.4916 6.2182e-02    280.622     98.525     48.256    33.6489    25.9066    1488.78 0.0000e+00
       1541 145.407242     48.224     48.673     9.9432  36.736576     0.4807 5.9651e-02    280.339     98.425     48.224    33.6490    25.9066    1488.78 0.0000e+00
       1542 145.407242     48.190     48.638     9.9432  36.736610     0.4559 6.2169e-02    279.838     98.249     48.190    33.6490    25.9066    1488.78 0.0000e+00
