Data_manuscript/Scotland/SBE55/ly2_1m.cnv
* Sea-Bird SBE 19plus Data File:
* FileName = C:\Data\sbe55_sbe19p_5215\2023-05-25\0030.hex
* Software Version SeatermAF 2.1.4
* Temperature SN = 5215
* Conductivity SN = 5215
* System UpLoad Time = May 25 2023 13:10:02 (localtime) = May 25 2023 13:10:02 (UTC)
* ds
* SeacatPlus V 1.6b  SERIAL NO. 5215    25 May 2023  13:06:23
# nquan = 15
# nvalues = 101                         
# units = specified
# name 0 = scan: Scan Count
# name 1 = timeJ: Julian Days
# name 2 = depSM: Depth [salt water, m], lat = 56.00
# name 3 = prdM: Pressure, Strain Gauge [db]
# name 4 = tv290C: Temperature [ITS-90, deg C]
# name 5 = c0mS/cm: Conductivity [mS/cm]
# name 6 = flECO-AFL: Fluorescence, WET Labs ECO-AFL/FL [mg/m^3]
# name 7 = par/sat/log: PAR/Logarithmic, Satlantic [umol photons/m^2/sec]
# name 8 = sbeox0Mm/L: Oxygen, SBE 43 [umol/l]
# name 9 = sbeox0PS: Oxygen, SBE 43 [% saturation]
# name 10 = depSM: Depth [salt water, m], lat = 56
# name 11 = sal00: Salinity, Practical [PSU]
# name 12 = sigma-t00: Density [sigma-t, kg/m^3 ]
# name 13 = svCM: Sound Velocity [Chen-Millero, m/s]
# name 14 = flag: flag
# span 0 =        124,       2909       
# span 1 = 145.403144, 145.411203       
# span 2 =      1.000,     51.000       
# span 3 =      1.009,     51.475       
# span 4 =     9.9414,    11.4011       
# span 5 =  36.271429,  36.971427       
# span 6 =     0.1582,     1.6298       
# span 7 = 5.5081e-02, 1.0270e+03       
# span 8 =    260.553,    317.398       
# span 9 =     93.495,    112.684       
# span 10 =      1.000,     51.000      
# span 11 =    32.0989,    33.6512      
# span 12 =    24.4874,    25.9086      
# span 13 =    1488.58,    1491.44      
# span 14 = 0.0000e+00, 0.0000e+00      
# interval = meters: 1                  
# start_time = May 25 2023 09:40:01 [Instrument's time stamp, header]
# bad_flag = -9.990e-29
*END*
        124 145.403144      1.000      1.009    11.4011  36.598040     0.1956 1.0270e+03    260.553     93.495      1.000    32.2167    24.5377    1491.44 0.0000e+00
        260 145.403539      2.000      2.018    11.1188  36.502963     0.4783 1.3579e+02    312.227    111.437      2.000    32.3700    24.7071    1490.65 0.0000e+00
        281 145.403601      3.000      3.028    10.9916  36.704198     0.5418 9.3159e+01    314.615    112.327      3.000    32.6811    24.9717    1490.60 0.0000e+00
        304 145.403668      4.000      4.037    10.9630  36.822538     0.6752 7.8430e+01    314.324    112.281      4.000    32.8234    25.0875    1490.68 0.0000e+00
        328 145.403735      5.000      5.046    10.9922  36.904678     0.8887 6.9478e+01    314.977    112.684      5.000    32.8783    25.1250    1490.87 0.0000e+00
        351 145.403802      6.000      6.055    11.0294  36.971427     1.0402 6.7370e+01    313.279    111.821      6.000    32.9106    25.1435    1491.06 0.0000e+00
        375 145.403870      7.000      7.064    10.8378  36.928535     1.4385 7.3630e+01    303.823    108.040      7.000    33.0400    25.2781    1490.55 0.0000e+00
        398 145.403938      8.000      8.074    10.6211  36.866820     1.4506 8.1201e+01    299.216    105.898      8.000    33.1744    25.4206    1489.96 0.0000e+00
        421 145.404005      9.000      9.083    10.3777  36.787458     1.2324 7.7814e+01    294.101    103.899      9.000    33.3163    25.5733    1489.29 0.0000e+00
        444 145.404072     10.000     10.092    10.3057  36.770520     0.9756 6.7209e+01    293.959    103.826     10.000    33.3649    25.6235    1489.10 0.0000e+00
        468 145.404140     11.000     11.101    10.2961  36.775129     0.9958 5.8647e+01    294.815    104.100     11.000    33.3780    25.6354    1489.10 0.0000e+00
        491 145.404208     12.000     12.111    10.2542  36.801944     1.0618 5.1977e+01    296.568    104.644     12.000    33.4433    25.6935    1489.05 0.0000e+00
        514 145.404273     13.000     13.120    10.2091  36.845135     1.1950 4.3234e+01    297.603    104.952     13.000    33.5282    25.7674    1489.01 0.0000e+00
        537 145.404340     14.000     14.129    10.1646  36.820970     1.4043 3.6292e+01    295.439    104.092     14.000    33.5444    25.7876    1488.88 0.0000e+00
        559 145.404405     15.000     15.138    10.1221  36.814626     1.3749 3.0645e+01    292.102    102.887     15.000    33.5769    25.8202    1488.79 0.0000e+00
        583 145.404472     16.000     16.148    10.1059  36.814638     1.2250 2.5842e+01    291.074    102.511     16.000    33.5915    25.8343    1488.76 0.0000e+00
        605 145.404538     17.000     17.157    10.1010  36.812443     0.8679 2.0850e+01    290.593    102.326     17.000    33.5934    25.8366    1488.76 0.0000e+00
        629 145.404606     18.000     18.166    10.0892  36.804960     1.2185 1.7030e+01    288.726    101.622     18.000    33.5963    25.8408    1488.74 0.0000e+00
        653 145.404676     19.000     19.175    10.0638  36.792943     0.9081 1.4292e+01    286.000    100.629     19.000    33.6072    25.8537    1488.68 0.0000e+00
        676 145.404743     20.000     20.185    10.0503  36.788005     0.8938 1.2266e+01    283.721     99.817     20.000    33.6144    25.8616    1488.66 0.0000e+00
        700 145.404811     21.000     21.194    10.0468  36.788035     0.7557 1.0817e+01    282.571     99.416     21.000    33.6172    25.8643    1488.66 0.0000e+00
        723 145.404877     22.000     22.203    10.0476  36.789512     0.8803 9.4117e+00    282.053     99.227     22.000    33.6175    25.8644    1488.69 0.0000e+00
        746 145.404946     23.000     23.212    10.0428  36.788126     0.6878 8.0108e+00    281.754     99.119     23.000    33.6201    25.8673    1488.69 0.0000e+00
        769 145.405011     24.000     24.222    10.0431  36.789312     0.9152 6.7767e+00    281.944     99.172     24.000    33.6205    25.8676    1488.70 0.0000e+00
        792 145.405077     25.000     25.231    10.0308  36.782982     0.8398 5.6961e+00    280.750     98.721     25.000    33.6251    25.8732    1488.68 0.0000e+00
        814 145.405142     26.000     26.240    10.0176  36.778309     0.6673 4.8178e+00    281.083     98.818     26.000    33.6322    25.8810    1488.66 0.0000e+00
        838 145.405211     27.000     27.250    10.0028  36.770134     0.7984 3.9052e+00    279.603     98.276     27.000    33.6371    25.8873    1488.63 0.0000e+00
        861 145.405279     28.000     28.259     9.9969  36.769518     0.6655 3.1603e+00    279.871     98.361     28.000    33.6416    25.8918    1488.63 0.0000e+00
        886 145.405349     29.000     29.268     9.9902  36.764424     0.6224 2.7281e+00    279.887     98.375     29.000    33.6422    25.8934    1488.62 0.0000e+00
        909 145.405416     30.000     30.278     9.9979  36.771487     0.6523 2.1978e+00    280.139     98.465     30.000    33.6418    25.8918    1488.67 0.0000e+00
        932 145.405483     31.000     31.287     9.9961  36.770145     0.6613 1.7877e+00    280.382     98.553     31.000    33.6416    25.8919    1488.68 0.0000e+00
        955 145.405550     32.000     32.296     9.9983  36.773232     0.4867 1.4919e+00    280.497     98.597     32.000    33.6423    25.8921    1488.70 0.0000e+00
        978 145.405617     33.000     33.306     9.9987  36.773005     0.4948 1.2624e+00    280.567     98.616     33.000    33.6412    25.8912    1488.72 0.0000e+00
       1002 145.405685     34.000     34.315     9.9963  36.771795     0.5149 1.0574e+00    280.356     98.533     34.000    33.6418    25.8921    1488.73 0.0000e+00
       1025 145.405752     35.000     35.324     9.9899  36.766329     0.6415 8.8361e-01    280.400     98.518     35.000    33.6417    25.8931    1488.72 0.0000e+00
       1048 145.405820     36.000     36.334     9.9756  36.754509     0.4941 7.2812e-01    279.776     98.288     36.000    33.6425    25.8961    1488.69 0.0000e+00
       1072 145.405889     37.000     37.343     9.9725  36.753202     0.5104 5.6118e-01    279.944     98.342     37.000    33.6436    25.8975    1488.69 0.0000e+00
       1096 145.405959     38.000     38.352     9.9693  36.750231     0.6067 4.5587e-01    280.414     98.498     38.000    33.6431    25.8976    1488.70 0.0000e+00
       1120 145.406029     39.000     39.362     9.9639  36.745381     0.5708 4.0324e-01    279.303     98.094     39.000    33.6428    25.8983    1488.70 0.0000e+00
       1144 145.406098     40.000     40.371     9.9597  36.743000     0.5652 3.4263e-01    279.774     98.259     40.000    33.6439    25.8998    1488.70 0.0000e+00
       1168 145.406167     41.000     41.381     9.9589  36.742651     0.5151 2.8525e-01    279.439     98.135     41.000    33.6438    25.8999    1488.71 0.0000e+00
       1192 145.406235     42.000     42.390     9.9549  36.739317     0.4552 2.3520e-01    280.580     98.525     42.000    33.6436    25.9004    1488.71 0.0000e+00
       1215 145.406303     43.000     43.399     9.9514  36.737385     0.5691 1.9707e-01    281.020     98.679     43.000    33.6445    25.9017    1488.72 0.0000e+00
       1239 145.406373     44.000     44.409     9.9508  36.737898     0.6065 1.6322e-01    280.721     98.571     44.000    33.6451    25.9023    1488.73 0.0000e+00
       1264 145.406444     45.000     45.418     9.9481  36.737072     0.5735 1.3884e-01    280.399     98.453     45.000    33.6463    25.9037    1488.74 0.0000e+00
       1288 145.406514     46.000     46.428     9.9462  36.736468     0.5155 1.1561e-01    280.185     98.372     46.000    33.6471    25.9046    1488.76 0.0000e+00
       1312 145.406583     47.000     47.437     9.9431  36.734669     0.5579 8.6622e-02    279.895     98.268     47.000    33.6476    25.9055    1488.76 0.0000e+00
       1337 145.406655     48.000     48.447     9.9426  36.734982     0.5260 7.5606e-02    279.957     98.290     48.000    33.6480    25.9059    1488.77 0.0000e+00
       1361 145.406725     49.000     49.456     9.9422  36.735757     0.5618 6.3746e-02    279.992     98.302     49.000    33.6486    25.9065    1488.79 0.0000e+00
       1387 145.406800     50.000     50.465     9.9417  36.736915     0.5897 5.9465e-02    279.812     98.237     50.000    33.6498    25.9075    1488.81 0.0000e+00
       1430 145.406925     51.000     51.475     9.9414  36.738350     0.5005 5.5081e-02    279.935     98.282     51.000    33.6512    25.9086    1488.82 0.0000e+00
       1484 145.407081     50.000     50.465     9.9424  36.738425     0.5115 5.7177e-02    280.484     98.477     50.000    33.6507    25.9081    1488.81 0.0000e+00
       1516 145.407173     49.000     49.456     9.9430  36.737761     0.5060 6.3655e-02    280.397     98.446     49.000    33.6499    25.9074    1488.80 0.0000e+00
       1548 145.407265     48.000     48.446     9.9432  36.736266     0.4945 7.1457e-02    278.107     97.643     48.000    33.6487    25.9064    1488.78 0.0000e+00
       1579 145.407356     47.000     47.437     9.9446  36.736168     0.4976 8.6871e-02    276.868     97.209     47.000    33.6478    25.9054    1488.77 0.0000e+00
       1611 145.407447     46.000     46.428     9.9444  36.735228     0.4918 1.0968e-01    277.455     97.415     46.000    33.6474    25.9052    1488.75 0.0000e+00
       1642 145.407537     45.000     45.418     9.9450  36.735102     0.4577 1.3170e-01    276.970     97.248     45.000    33.6472    25.9049    1488.73 0.0000e+00
       1673 145.407628     44.000     44.409     9.9469  36.735844     0.4676 1.5845e-01    277.557     97.460     44.000    33.6467    25.9042    1488.72 0.0000e+00
       1704 145.407717     43.000     43.399     9.9510  36.738862     0.4754 1.9061e-01    277.519     97.454     43.000    33.6463    25.9032    1488.72 0.0000e+00
       1735 145.407805     42.000     42.390     9.9543  36.741135     0.4830 2.3056e-01    277.841     97.574     42.000    33.6460    25.9024    1488.72 0.0000e+00
       1765 145.407894     41.000     41.381     9.9576  36.743305     0.5003 2.8500e-01    277.621     97.502     41.000    33.6456    25.9016    1488.71 0.0000e+00
       1796 145.407984     40.000     40.371     9.9596  36.744345     0.4963 3.5418e-01    277.987     97.637     40.000    33.6453    25.9010    1488.70 0.0000e+00
       1827 145.408075     39.000     39.362     9.9633  36.746808     0.4731 4.3131e-01    278.311     97.758     39.000    33.6448    25.8999    1488.70 0.0000e+00
       1859 145.408166     38.000     38.352     9.9670  36.749371     0.4694 5.2526e-01    278.370     97.789     38.000    33.6444    25.8991    1488.69 0.0000e+00
       1890 145.408255     37.000     37.343     9.9724  36.753613     0.4626 6.4822e-01    278.424     97.817     37.000    33.6442    25.8980    1488.70 0.0000e+00
       1920 145.408342     36.000     36.334     9.9767  36.756934     0.4752 7.9181e-01    278.782     97.952     36.000    33.6440    25.8971    1488.69 0.0000e+00
       1950 145.408429     35.000     35.324     9.9805  36.759713     0.4996 9.6876e-01    279.136     98.087     35.000    33.6437    25.8963    1488.69 0.0000e+00
       1980 145.408516     34.000     34.315     9.9869  36.764762     0.5241 1.1789e+00    279.290     98.154     34.000    33.6434    25.8949    1488.70 0.0000e+00
       2010 145.408601     33.000     33.306     9.9910  36.767404     0.4967 1.4257e+00    279.385     98.189     33.000    33.6427    25.8937    1488.69 0.0000e+00
       2040 145.408688     32.000     32.296     9.9915  36.767394     0.5250 1.7320e+00    279.512     98.238     32.000    33.6426    25.8935    1488.68 0.0000e+00
       2069 145.408773     31.000     31.287     9.9936  36.768570     0.4977 2.0641e+00    279.071     98.086     31.000    33.6423    25.8929    1488.67 0.0000e+00
       2099 145.408861     30.000     30.278     9.9952  36.769243     0.4943 2.4810e+00    279.625     98.285     30.000    33.6420    25.8924    1488.66 0.0000e+00
       2129 145.408945     29.000     29.268     9.9978  36.770837     0.5819 2.9855e+00    279.950     98.405     29.000    33.6417    25.8917    1488.65 0.0000e+00
       2158 145.409032     28.000     28.259    10.0002  36.772041     0.4977 3.5194e+00    280.154     98.478     28.000    33.6411    25.8909    1488.64 0.0000e+00
       2187 145.409115     27.000     27.250    10.0000  36.771467     0.4617 4.1716e+00    279.698     98.317     27.000    33.6412    25.8909    1488.62 0.0000e+00
       2217 145.409201     26.000     26.240    10.0003  36.771558     0.5055 4.8768e+00    279.870     98.381     26.000    33.6414    25.8911    1488.61 0.0000e+00
       2245 145.409283     25.000     25.231    10.0016  36.771725     0.4936 5.7565e+00    279.876     98.384     25.000    33.6409    25.8904    1488.60 0.0000e+00
       2275 145.409369     24.000     24.222    10.0021  36.771625     0.4801 6.9030e+00    280.196     98.500     24.000    33.6407    25.8902    1488.58 0.0000e+00
       2304 145.409453     23.000     23.213    10.0055  36.773945     0.4829 8.2747e+00    280.255     98.531     23.000    33.6404    25.8894    1488.58 0.0000e+00
       2334 145.409539     22.000     22.203    10.0106  36.777279     0.5595 9.8009e+00    280.590     98.666     22.000    33.6394    25.8878    1488.58 0.0000e+00
       2362 145.409622     21.000     21.194    10.0221  36.784575     0.5297 1.1652e+01    281.064     98.853     21.000    33.6366    25.8837    1488.60 0.0000e+00
       2392 145.409707     20.000     20.185    10.0326  36.789281     0.6316 1.3923e+01    282.087     99.235     20.000    33.6321    25.8784    1488.62 0.0000e+00
       2420 145.409790     19.000     19.175    10.0427  36.791484     0.6403 1.6771e+01    282.338     99.331     19.000    33.6254    25.8715    1488.63 0.0000e+00
       2449 145.409873     18.000     18.166    10.0474  36.789916     0.6733 2.0277e+01    282.697     99.469     18.000    33.6199    25.8664    1488.62 0.0000e+00
       2477 145.409953     17.000     17.157    10.0605  36.793544     0.8474 2.4246e+01    283.923     99.953     17.000    33.6118    25.8578    1488.64 0.0000e+00
       2505 145.410036     16.000     16.148    10.0897  36.806771     1.0622 2.9048e+01    286.987    101.072     16.000    33.5986    25.8426    1488.71 0.0000e+00
       2533 145.410116     15.000     15.138    10.1090  36.815085     1.0820 3.4368e+01    288.965    101.791     15.000    33.5896    25.8323    1488.76 0.0000e+00
       2560 145.410195     14.000     14.129    10.1170  36.810980     1.2700 4.1079e+01    290.791    102.462     14.000    33.5784    25.8222    1488.75 0.0000e+00
       2588 145.410275     13.000     13.120    10.1436  36.830724     1.3027 4.8825e+01    294.210    103.756     13.000    33.5742    25.8144    1488.83 0.0000e+00
       2616 145.410356     12.000     12.111    10.1868  36.849746     1.2684 5.9173e+01    293.868    103.684     12.000    33.5539    25.7912    1488.94 0.0000e+00
       2644 145.410436     11.000     11.101    10.2175  36.824894     1.2311 7.4634e+01    292.201    103.131     11.000    33.5008    25.7445    1488.97 0.0000e+00
       2672 145.410517     10.000     10.092    10.2603  36.784180     1.1104 9.4568e+01    291.934    103.076     10.000    33.4205    25.6746    1489.01 0.0000e+00
       2699 145.410596      9.000      9.083    10.3091  36.784903     1.2200 1.1834e+02    293.054    103.827      9.000    33.3768    25.6322    1489.11 0.0000e+00
       2726 145.410676      8.000      8.074    10.5808  36.869934     1.3361 1.4985e+02    299.913    106.782      8.000    33.2141    25.4586    1489.87 0.0000e+00
       2754 145.410756      7.000      7.064    10.8431  36.938748     1.6298 1.8990e+02    305.216    109.074      7.000    33.0455    25.2814    1490.58 0.0000e+00
       2781 145.410834      6.000      6.055    11.0074  36.958288     1.1060 2.1044e+02    310.361    111.009      6.000    32.9173    25.1527    1490.99 0.0000e+00
