Data_manuscript/Scotland/SBE55/ly4_1m.cnv
* Sea-Bird SBE 19plus Data File:
* FileName = C:\Data\sbe55_sbe19p_5215\2023-05-25\0031.hex
* Software Version SeatermAF 2.1.4
* Temperature SN = 5215
* Conductivity SN = 5215
* System UpLoad Time = May 25 2023 13:12:12 (localtime) = May 25 2023 13:12:12 (UTC)
* ds
* SeacatPlus V 1.6b  SERIAL NO. 5215    25 May 2023  13:06:23
# nquan = 15
# nvalues = 61                          
# units = specified
# name 0 = scan: Scan Count
# name 1 = timeJ: Julian Days
# name 2 = depSM: Depth [salt water, m], lat = 56.00
# name 3 = prdM: Pressure, Strain Gauge [db]
# name 4 = tv290C: Temperature [ITS-90, deg C]
# name 5 = c0mS/cm: Conductivity [mS/cm]
# name 6 = flECO-AFL: Fluorescence, WET Labs ECO-AFL/FL [mg/m^3]
# name 7 = par/sat/log: PAR/Logarithmic, Satlantic [umol photons/m^2/sec]
# name 8 = sbeox0Mm/L: Oxygen, SBE 43 [umol/l]
# name 9 = sbeox0PS: Oxygen, SBE 43 [% saturation]
# name 10 = depSM: Depth [salt water, m], lat = 56
# name 11 = sal00: Salinity, Practical [PSU]
# name 12 = sigma-t00: Density [sigma-t, kg/m^3 ]
# name 13 = svCM: Sound Velocity [Chen-Millero, m/s]
# name 14 = flag: flag
# span 0 =         86,       1375       
# span 1 = 145.422803, 145.426534       
# span 2 =      1.000,     31.000       
# span 3 =      1.009,     31.287       
# span 4 =    10.0091,    11.6107       
# span 5 =  36.742242,  37.370983       
# span 6 =     0.3525,     1.5275       
# span 7 = 2.8050e+00, 9.4957e+02       
# span 8 =    216.748,    312.404       
# span 9 =     78.778,    111.472       
# span 10 =      1.000,     31.000      
# span 11 =    32.6650,    33.6053      
# span 12 =    24.9388,    25.8609      
# span 13 =    1488.57,    1492.86      
# span 14 = 0.0000e+00, 0.0000e+00      
# interval = meters: 1                  
# start_time = May 25 2023 10:08:29 [Instrument's time stamp, header]
# bad_flag = -9.990e-29
*END*
         86 145.422803      1.000      1.009    11.6107  37.370983     1.5275 9.4957e+02    216.748     78.778      1.000    32.7887    24.9444    1492.86 0.0000e+00
        236 145.423238      2.000      2.018    11.1842  37.035284     0.3525 6.7308e+02    312.211    111.472      2.000    32.8371    25.0588    1491.44 0.0000e+00
        249 145.423275      3.000      3.028    10.9251  36.906674     0.4297 5.7703e+02    305.655    108.865      3.000    32.9413    25.1859    1490.68 0.0000e+00
        268 145.423332      4.000      4.037    10.7992  36.832217     0.3752 4.1077e+02    304.423    108.350      4.000    32.9801    25.2383    1490.29 0.0000e+00
        288 145.423389      5.000      5.046    10.7470  36.849783     0.4508 3.4717e+02    302.379    107.532      5.000    33.0444    25.2975    1490.20 0.0000e+00
        308 145.423446      6.000      6.055    10.6912  36.867736     0.6382 2.9363e+02    299.305    106.457      6.000    33.1124    25.3601    1490.11 0.0000e+00
        328 145.423503      7.000      7.064    10.6932  36.899243     0.7863 2.4652e+02    297.911    105.996      7.000    33.1416    25.3825    1490.16 0.0000e+00
        348 145.423561      8.000      8.074    10.7072  36.916283     0.8331 1.9804e+02    297.877    105.895      8.000    33.1455    25.3832    1490.23 0.0000e+00
        367 145.423618      9.000      9.083    10.6278  36.903010     0.9495 1.5815e+02    293.392    103.798      9.000    33.2041    25.4426    1490.04 0.0000e+00
        387 145.423676     10.000     10.092    10.3675  36.831097     0.8229 1.2649e+02    289.779    102.434     10.000    33.3693    25.6164    1489.33 0.0000e+00
        407 145.423734     11.000     11.101    10.3289  36.822950     0.7566 1.0276e+02    290.765    102.724     11.000    33.3961    25.6439    1489.24 0.0000e+00
        428 145.423793     12.000     12.111    10.2875  36.807790     0.7448 8.5164e+01    290.277    102.368     12.000    33.4185    25.6684    1489.14 0.0000e+00
        448 145.423851     13.000     13.120    10.1946  36.778866     0.7641 6.9823e+01    289.328    101.987     13.000    33.4745    25.7279    1488.89 0.0000e+00
        467 145.423906     14.000     14.129    10.1715  36.771191     0.7860 5.7667e+01    289.333    101.955     14.000    33.4876    25.7421    1488.84 0.0000e+00
        487 145.423962     15.000     15.138    10.1549  36.765846     0.8521 4.7875e+01    289.510    102.001     15.000    33.4971    25.7523    1488.81 0.0000e+00
        506 145.424020     16.000     16.148    10.1447  36.764229     0.9112 3.9808e+01    290.086    102.180     16.000    33.5044    25.7597    1488.80 0.0000e+00
        526 145.424078     17.000     17.157    10.1321  36.762399     0.9063 3.3101e+01    289.168    101.848     17.000    33.5137    25.7692    1488.78 0.0000e+00
        547 145.424137     18.000     18.166    10.1269  36.761872     0.8134 2.7420e+01    289.262    101.859     18.000    33.5176    25.7730    1488.78 0.0000e+00
        567 145.424196     19.000     19.175    10.1143  36.755730     0.9944 2.2807e+01    288.077    101.418     19.000    33.5226    25.7791    1488.76 0.0000e+00
        587 145.424254     20.000     20.185    10.1012  36.754320     1.1112 1.8957e+01    285.004    100.282     20.000    33.5329    25.7893    1488.74 0.0000e+00
        608 145.424314     21.000     21.194    10.0648  36.749932     1.0076 1.5791e+01    282.557     99.372     21.000    33.5617    25.8180    1488.66 0.0000e+00
        629 145.424374     22.000     22.203    10.0373  36.748913     0.8489 1.3170e+01    283.130     99.550     22.000    33.5858    25.8414    1488.61 0.0000e+00
        649 145.424433     23.000     23.212    10.0239  36.747305     0.8161 1.1011e+01    284.464     99.994     23.000    33.5961    25.8517    1488.59 0.0000e+00
        670 145.424494     24.000     24.222    10.0110  36.742242     0.9267 9.2234e+00    286.691    100.773     24.000    33.6026    25.8590    1488.57 0.0000e+00
        691 145.424553     25.000     25.231    10.0097  36.742915     0.9014 7.7802e+00    285.939    100.511     25.000    33.6040    25.8603    1488.58 0.0000e+00
        711 145.424612     26.000     26.241    10.0111  36.744243     0.8169 6.5496e+00    284.858    100.132     26.000    33.6036    25.8598    1488.60 0.0000e+00
        731 145.424671     27.000     27.250    10.0113  36.744618     0.7380 5.5290e+00    284.919    100.149     27.000    33.6034    25.8595    1488.62 0.0000e+00
        752 145.424730     28.000     28.259    10.0091  36.744429     0.7896 4.6960e+00    284.922    100.153     28.000    33.6047    25.8609    1488.63 0.0000e+00
        772 145.424789     29.000     29.268    10.0111  36.745944     0.5901 3.9996e+00    286.490    100.708     29.000    33.6039    25.8600    1488.65 0.0000e+00
        793 145.424849     30.000     30.278    10.0129  36.747304     0.7340 3.3628e+00    284.498    100.012     30.000    33.6032    25.8591    1488.68 0.0000e+00
        825 145.424940     31.000     31.287    10.0155  36.752196     0.5022 2.8050e+00    278.643     97.961     31.000    33.6053    25.8603    1488.70 0.0000e+00
        833 145.424965     30.000     30.278    10.0164  36.751043     0.5888 3.3996e+00    281.379     98.917     30.000    33.6037    25.8590    1488.69 0.0000e+00
        852 145.425021     29.000     29.268    10.0149  36.749501     0.5879 4.0090e+00    282.668     99.368     29.000    33.6040    25.8594    1488.67 0.0000e+00
        871 145.425076     28.000     28.259    10.0141  36.748380     0.6119 4.7242e+00    281.918     99.106     28.000    33.6041    25.8596    1488.65 0.0000e+00
        891 145.425133     27.000     27.250    10.0153  36.748225     0.6899 5.6314e+00    281.732     99.051     27.000    33.6033    25.8588    1488.63 0.0000e+00
        910 145.425188     26.000     26.240    10.0212  36.749942     0.5741 6.7138e+00    282.840     99.448     26.000    33.6000    25.8552    1488.64 0.0000e+00
        929 145.425242     25.000     25.231    10.0246  36.751738     0.6298 8.0177e+00    282.803     99.435     25.000    33.5990    25.8539    1488.63 0.0000e+00
        948 145.425299     24.000     24.222    10.0255  36.750240     0.6910 9.5384e+00    282.510     99.340     24.000    33.5972    25.8523    1488.61 0.0000e+00
        968 145.425356     23.000     23.213    10.0307  36.751095     0.7913 1.1365e+01    283.095     99.591     23.000    33.5936    25.8487    1488.61 0.0000e+00
        987 145.425411     22.000     22.203    10.0593  36.754179     0.9234 1.3520e+01    285.219    100.383     22.000    33.5707    25.8259    1488.67 0.0000e+00
       1006 145.425467     21.000     21.194    10.0865  36.753847     0.7740 1.6072e+01    285.925    100.652     21.000    33.5456    25.8017    1488.72 0.0000e+00
       1025 145.425521     20.000     20.185    10.0991  36.752767     0.8636 1.9114e+01    286.313    100.805     20.000    33.5332    25.7900    1488.73 0.0000e+00
       1044 145.425575     19.000     19.175    10.1078  36.755411     0.8753 2.2982e+01    287.187    101.127     19.000    33.5282    25.7846    1488.74 0.0000e+00
       1062 145.425628     18.000     18.166    10.1157  36.758376     0.7914 2.7341e+01    286.570    100.928     18.000    33.5244    25.7802    1488.75 0.0000e+00
       1081 145.425682     17.000     17.157    10.1261  36.760647     0.7899 3.2620e+01    286.826    101.057     17.000    33.5176    25.7732    1488.76 0.0000e+00
       1099 145.425734     16.000     16.148    10.1474  36.767176     0.8085 3.9038e+01    286.746    101.065     16.000    33.5049    25.7597    1488.81 0.0000e+00
       1117 145.425788     15.000     15.138    10.1677  36.774467     0.7174 4.6483e+01    287.418    101.353     15.000    33.4940    25.7477    1488.85 0.0000e+00
       1135 145.425840     14.000     14.129    10.1958  36.784662     0.6727 5.4267e+01    288.138    101.798     14.000    33.4788    25.7311    1488.91 0.0000e+00
       1154 145.425895     13.000     13.120    10.3081  36.813385     0.7165 6.4111e+01    291.537    103.199     13.000    33.4048    25.6542    1489.21 0.0000e+00
       1173 145.425950     12.000     12.110    10.4222  36.833228     0.7054 7.1789e+01    293.612    104.083     12.000    33.3203    25.5688    1489.50 0.0000e+00
       1192 145.426003     11.000     11.101    10.5048  36.855438     0.7565 8.2995e+01    294.218    104.422     11.000    33.2676    25.5134    1489.71 0.0000e+00
       1211 145.426058     10.000     10.092    10.5677  36.876420     0.7186 9.6189e+01    294.003    104.434     10.000    33.2316    25.4745    1489.88 0.0000e+00
       1230 145.426113      9.000      9.083    10.6158  36.899312     0.7804 1.0473e+02    294.691    104.792      9.000    33.2112    25.4503    1490.01 0.0000e+00
       1249 145.426168      8.000      8.074    10.6764  36.911961     0.7366 1.0216e+02    295.714    105.168      8.000    33.1691    25.4069    1490.16 0.0000e+00
       1267 145.426220      7.000      7.064    10.6883  36.894807     0.6827 8.8220e+01    297.317    105.733      7.000    33.1416    25.3834    1490.15 0.0000e+00
       1285 145.426274      6.000      6.055    10.6923  36.875770     0.6151 7.5772e+01    298.624    106.244      6.000    33.1194    25.3654    1490.12 0.0000e+00
       1303 145.426325      5.000      5.046    10.7254  36.864084     0.5881 6.8805e+01    299.879    106.775      5.000    33.0782    25.3276    1490.17 0.0000e+00
       1321 145.426377      4.000      4.037    10.7755  36.862737     0.4617 7.0880e+01    301.779    107.525      4.000    33.0320    25.2828    1490.27 0.0000e+00
       1339 145.426428      3.000      3.028    10.8137  36.874309     0.3951 8.1695e+01    301.123    107.456      3.000    33.0094    25.2585    1490.37 0.0000e+00
       1357 145.426480      2.000      2.018    10.8954  36.921851     0.4149 1.0944e+02    301.977    108.175      2.000    32.9835    25.2240    1490.61 0.0000e+00
       1375 145.426534      1.000      1.009    11.1069  36.789620     0.8188 5.5373e+02    312.404    101.238      1.000    32.6650    24.9388    1490.95 0.0000e+00
