Data_manuscript/Scotland/SBE55/re5_1.cnv
* Sea-Bird SBE 19plus Data File:
* FileName = C:\Data\sbe55_sbe19p_5215\2023-05-23\RE5_1025.hex
* Software Version SeatermAF 2.1.4
* Temperature SN = 5215
* Conductivity SN = 5215
* System UpLoad Time = May 23 2023 11:04:35 (localtime) = May 23 2023 11:04:35 (UTC)
* ds
* SeacatPlus V 1.6b  SERIAL NO. 5215    23 May 2023  11:04:24
# nquan = 15                                
# nvalues = 6659                        
# units = specified
# name 0 = scan: Scan Count
# name 1 = timeJ: Julian Days
# name 2 = depSM: Depth [salt water, m], lat = 56.00
# name 3 = prdM: Pressure, Strain Gauge [db]
# name 4 = tv290C: Temperature [ITS-90, deg C]
# name 5 = c0mS/cm: Conductivity [mS/cm]
# name 6 = flECO-AFL: Fluorescence, WET Labs ECO-AFL/FL [mg/m^3]
# name 7 = par/sat/log: PAR/Logarithmic, Satlantic [umol photons/m^2/sec]
# name 8 = sbeox0Mm/L: Oxygen, SBE 43 [umol/l]
# name 9 = sbeox0PS: Oxygen, SBE 43 [% saturation]
# name 10 = depSM: Depth [salt water, m], lat = 56
# name 11 = sal00: Salinity, Practical [PSU]
# name 12 = sigma-t00: Density [sigma-t, kg/m^3 ]
# name 13 = svCM: Sound Velocity [Chen-Millero, m/s]
# name 14 = flag: flag
# span 0 =          1,       6659       
# span 1 = 143.400146, 143.419403       
# span 2 =      0.076,    143.212       
# span 3 =      0.076,    144.578       
# span 4 =    10.3705,    13.5143       
# span 5 =  -0.009461,  34.532669       
# span 6 =    -0.0380,    11.2838       
# span 7 = 5.3169e-02, 6.0828e+02       
# span 8 =      1.081,    332.583       
# span 9 =      0.396,    110.377       
# span 10 =      0.076,    143.212      
# span 11 =     0.0000,    28.5947      
# span 12 =    -0.6642,    21.3622      
# span 13 =    1459.03,    1496.32      
# span 14 = 0.0000e+00, 0.0000e+00      
# interval = seconds: 0.25
# start_time = May 23 2023 09:36:12 [Instrument's time stamp, header]
# bad_flag = -9.990e-29
*END*
[from data line 386]
        387 143.401260      1.023      1.032    13.5040  28.151503    -0.0063 3.2463e+02    279.234     98.758      1.023    22.7925    16.8677    1487.52 0.0000e+00
        388 143.401260      1.023      1.032    13.5034  28.148682     0.0027 3.1367e+02    279.186     98.739      1.023    22.7904    16.8661    1487.52 0.0000e+00
        389 143.401260      1.023      1.032    13.5028  28.146843     0.0136 3.3109e+02    278.946     98.657      1.023    22.7891    16.8653    1487.51 0.0000e+00
        390 143.401260      1.023      1.032    13.5022  28.144863     0.0126 3.2606e+02    279.027     98.684      1.023    22.7877    16.8643    1487.51 0.0000e+00
        391 143.401260      1.023      1.032    13.5018  28.142347    -0.0063 3.3473e+02    279.020     98.682      1.023    22.7857    16.8628    1487.51 0.0000e+00
        392 143.401276      1.023      1.032    13.5013  28.140137    -0.0043 3.0189e+02    279.335     98.792      1.023    22.7840    16.8616    1487.50 0.0000e+00
        393 143.401276      1.023      1.033    13.5009  28.138224     0.0047 3.3029e+02    279.480     98.845      1.023    22.7825    16.8605    1487.50 0.0000e+00
        394 143.401276      1.024      1.033    13.5006  28.136305     0.0027 3.3036e+02    279.491     98.845      1.024    22.7810    16.8594    1487.50 0.0000e+00
        395 143.401276      1.024      1.033    13.5002  28.134653     0.0047 3.2166e+02    279.332     98.786      1.024    22.7798    16.8586    1487.49 0.0000e+00
        396 143.401276      1.024      1.033    13.4997  28.133173     0.0086 3.1128e+02    279.420     98.817      1.024    22.7787    16.8578    1487.49 0.0000e+00
        397 143.401291      1.024      1.033    13.4994  28.131292     0.0017 3.2350e+02    279.401     98.810      1.024    22.7773    16.8568    1487.49 0.0000e+00
        398 143.401291      1.023      1.033    13.4990  28.128956     0.0007 3.3546e+02    279.419     98.816      1.023    22.7754    16.8554    1487.48 0.0000e+00
        399 143.401291      1.023      1.032    13.4985  28.127066     0.0066 3.1761e+02    279.216     98.744      1.023    22.7740    16.8544    1487.48 0.0000e+00
        400 143.401291      1.022      1.032    13.4981  28.125935     0.0136 3.2513e+02    279.041     98.683      1.022    22.7733    16.8539    1487.48 0.0000e+00
        401 143.401291      1.022      1.032    13.4977  28.125126     0.0076 3.3276e+02    279.123     98.712      1.022    22.7727    16.8536    1487.48 0.0000e+00
        402 143.401306      1.022      1.032    13.4975  28.124626    -0.0003 3.1347e+02    279.343     98.790      1.022    22.7724    16.8534    1487.48 0.0000e+00
        403 143.401306      1.022      1.032    13.4974  28.124432     0.0017 3.1477e+02    279.215     98.753      1.022    22.7723    16.8533    1487.48 0.0000e+00
        404 143.401306      1.023      1.032    13.4973  28.124296     0.0027 3.2485e+02    279.259     98.777      1.023    22.7723    16.8533    1487.47 0.0000e+00
        405 143.401306      1.023      1.032    13.4973  28.123962     0.0086 3.2272e+02    279.296     98.798      1.023    22.7720    16.8531    1487.47 0.0000e+00
        406 143.401306      1.023      1.033    13.4973  28.123627     0.0047 3.1210e+02    279.199     98.770      1.023    22.7716    16.8528    1487.47 0.0000e+00
        407 143.401306      1.023      1.033    13.4973  28.123419    -0.0023 3.2957e+02    278.881     98.669      1.023    22.7715    16.8527    1487.47 0.0000e+00
        408 143.401321      1.023      1.032    13.4973  28.122990     0.0086 3.1726e+02    278.616     98.580      1.023    22.7711    16.8524    1487.47 0.0000e+00
        409 143.401321      1.023      1.032    13.4973  28.122385    -0.0023 3.1581e+02    278.266     98.460      1.023    22.7706    16.8520    1487.47 0.0000e+00
        410 143.401321      1.023      1.032    13.4972  28.121752    -0.0172 3.4123e+02    277.987     98.367      1.023    22.7701    16.8516    1487.47 0.0000e+00
        411 143.401321      1.023      1.032    13.4971  28.120819     0.0086 3.1789e+02    278.002     98.374      1.023    22.7693    16.8511    1487.47 0.0000e+00
        412 143.401321      1.023      1.032    13.4969  28.119402     0.0047 3.0682e+02    278.023     98.377      1.023    22.7681    16.8502    1487.47 0.0000e+00
        413 143.401337      1.024      1.033    13.4967  28.118074     0.0066 3.2293e+02    278.321     98.485      1.024    22.7671    16.8494    1487.47 0.0000e+00
        414 143.401337      1.024      1.034    13.4964  28.117504     0.0096 3.2470e+02    278.633     98.597      1.024    22.7667    16.8492    1487.47 0.0000e+00
        415 143.401337      1.025      1.034    13.4962  28.117620    -0.0013 3.2336e+02    279.196     98.799      1.025    22.7670    16.8494    1487.46 0.0000e+00
        416 143.401337      1.025      1.035    13.4961  28.118080     0.0047 3.1963e+02    279.338     98.855      1.025    22.7674    16.8498    1487.47 0.0000e+00
        417 143.401337      1.025      1.035    13.4961  28.118977     0.0066 3.1053e+02    279.393     98.873      1.025    22.7683    16.8504    1487.47 0.0000e+00
        418 143.401352      1.025      1.034    13.4962  28.120665     0.0037 3.2286e+02    279.365     98.862      1.025    22.7697    16.8515    1487.47 0.0000e+00
        419 143.401352      1.025      1.034    13.4965  28.123434     0.0096 3.4034e+02    279.074     98.759      1.025    22.7720    16.8532    1487.47 0.0000e+00
        420 143.401352      1.025      1.035    13.4970  28.127823     0.0086 3.1285e+02    279.005     98.733      1.025    22.7756    16.8559    1487.48 0.0000e+00
        421 143.401352      1.026      1.036    13.4978  28.134010    -0.0053 3.1796e+02    278.886     98.689      1.026    22.7806    16.8597    1487.49 0.0000e+00
        422 143.401352      1.027      1.037    13.4990  28.141092     0.0096 3.2152e+02    278.800     98.660      1.027    22.7862    16.8638    1487.50 0.0000e+00
        423 143.401367      1.028      1.038    13.5004  28.148212    -0.0092 3.3036e+02    278.802     98.653      1.028    22.7917    16.8677    1487.51 0.0000e+00
        424 143.401367      1.029      1.038    13.5020  28.155306     0.0116 3.0931e+02    279.101     98.756      1.029    22.7971    16.8715    1487.52 0.0000e+00
        425 143.401367      1.030      1.039    13.5036  28.162130     0.0007 3.2307e+02    279.133     98.763      1.030    22.8022    16.8752    1487.53 0.0000e+00
        426 143.401367      1.030      1.040    13.5050  28.168013     0.0017 3.1546e+02    279.393     98.852      1.030    22.8066    16.8783    1487.54 0.0000e+00
        427 143.401367      1.031      1.040    13.5063  28.172712     0.0066 3.3370e+02    279.341     98.832      1.031    22.8101    16.8808    1487.55 0.0000e+00
        428 143.401367      1.031      1.040    13.5073  28.176136     0.0037 3.1190e+02    279.137     98.757      1.031    22.8125    16.8825    1487.56 0.0000e+00
        429 143.401382      1.031      1.040    13.5082  28.177963     0.0136 3.1060e+02    279.089     98.737      1.031    22.8136    16.8832    1487.56 0.0000e+00
        430 143.401382      1.031      1.040    13.5088  28.178905    -0.0043 3.2047e+02    278.783     98.627      1.031    22.8141    16.8834    1487.56 0.0000e+00
        431 143.401382      1.031      1.040    13.5092  28.180313    -0.0033 3.2385e+02    278.460     98.511      1.031    22.8151    16.8841    1487.57 0.0000e+00
        432 143.401382      1.031      1.041    13.5095  28.182413     0.0007 3.1977e+02    278.499     98.525      1.031    22.8168    16.8853    1487.57 0.0000e+00
        433 143.401382      1.032      1.041    13.5098  28.184793    -0.0162 3.0722e+02    278.441     98.502      1.032    22.8188    16.8868    1487.57 0.0000e+00
        434 143.401398      1.032      1.042    13.5100  28.186666     0.0047 3.2166e+02    278.405     98.493      1.032    22.8203    16.8880    1487.57 0.0000e+00
        435 143.401398      1.032      1.042    13.5102  28.187164    -0.0102 3.2251e+02    278.632     98.581      1.032    22.8206    16.8881    1487.58 0.0000e+00
        436 143.401398      1.032      1.041    13.5104  28.186472     0.0056 3.0979e+02    278.710     98.607      1.032    22.8199    16.8876    1487.58 0.0000e+00
        437 143.401398      1.032      1.041    13.5105  28.185078     0.0056 3.0884e+02    278.888     98.669      1.032    22.8186    16.8865    1487.57 0.0000e+00
        438 143.401398      1.031      1.041    13.5105  28.182976     0.0037 3.1539e+02    278.953     98.692      1.031    22.8167    16.8851    1487.57 0.0000e+00
        439 143.401413      1.031      1.041    13.5105  28.180174     0.0086 3.3356e+02    278.641     98.594      1.031    22.8142    16.8832    1487.57 0.0000e+00
        440 143.401413      1.031      1.041    13.5104  28.176519     0.0106 3.0018e+02    278.473     98.545      1.031    22.8110    16.8808    1487.56 0.0000e+00
        441 143.401413      1.032      1.041    13.5102  28.171970     0.0047 3.0763e+02    278.300     98.484      1.032    22.8071    16.8778    1487.56 0.0000e+00
        442 143.401413      1.032      1.042    13.5099  28.167192     0.0076 3.2040e+02    278.095     98.406      1.032    22.8030    16.8746    1487.55 0.0000e+00
        443 143.401413      1.033      1.042    13.5096  28.162800     0.0027 3.2096e+02    278.059     98.390      1.033    22.7993    16.8719    1487.55 0.0000e+00
        444 143.401428      1.033      1.043    13.5091  28.159086     0.0126 3.2026e+02    278.283     98.471      1.033    22.7962    16.8696    1487.54 0.0000e+00
        445 143.401428      1.033      1.043    13.5087  28.156071     0.0116 3.1033e+02    278.227     98.447      1.033    22.7938    16.8678    1487.54 0.0000e+00
        446 143.401428      1.033      1.043    13.5082  28.153555     0.0027 3.0097e+02    278.338     98.483      1.033    22.7919    16.8664    1487.53 0.0000e+00
        447 143.401428      1.033      1.042    13.5076  28.151525    -0.0023 3.2188e+02    278.531     98.548      1.033    22.7904    16.8654    1487.53 0.0000e+00
        448 143.401428      1.033      1.042    13.5071  28.150162     0.0007 3.2499e+02    278.721     98.611      1.033    22.7895    16.8648    1487.53 0.0000e+00
        449 143.401428      1.032      1.042    13.5067  28.149691     0.0017 3.1230e+02    279.089     98.734      1.032    22.7893    16.8647    1487.53 0.0000e+00
        450 143.401443      1.032      1.042    13.5064  28.150072     0.0027 2.7989e+02    279.209     98.774      1.032    22.7898    16.8652    1487.53 0.0000e+00
        451 143.401443      1.032      1.041    13.5062  28.151381     0.0116 3.2244e+02    279.281     98.799      1.032    22.7911    16.8662    1487.53 0.0000e+00
        452 143.401443      1.032      1.042    13.5063  28.153837    -0.0013 3.3833e+02    279.509     98.881      1.032    22.7932    16.8678    1487.53 0.0000e+00
        453 143.401443      1.033      1.042    13.5065  28.156570     0.0096 2.9783e+02    279.814     98.989      1.033    22.7955    16.8695    1487.53 0.0000e+00
        454 143.401443      1.033      1.042    13.5069  28.158638    -0.0043 3.0884e+02    279.761     98.969      1.033    22.7971    16.8707    1487.54 0.0000e+00
        455 143.401459      1.032      1.042    13.5074  28.160795     0.0027 3.1810e+02    279.821     98.989      1.032    22.7988    16.8719    1487.54 0.0000e+00
        456 143.401459      1.032      1.041    13.5078  28.164555    -0.0231 3.1657e+02    279.805     98.984      1.032    22.8019    16.8742    1487.55 0.0000e+00
        457 143.401459      1.031      1.041    13.5083  28.169813     0.0096 2.9234e+02    279.584     98.907      1.031    22.8063    16.8775    1487.55 0.0000e+00
        458 143.401459      1.031      1.041    13.5090  28.173912     0.0017 3.3327e+02    279.423     98.851      1.031    22.8095    16.8799    1487.56 0.0000e+00
        459 143.401459      1.032      1.041    13.5096  28.174734    -0.0043 3.1643e+02    279.359     98.827      1.032    22.8099    16.8800    1487.56 0.0000e+00
        460 143.401474      1.032      1.041    13.5101  28.173080     0.0047 2.6500e+02    279.151     98.750      1.032    22.8081    16.8786    1487.56 0.0000e+00
        461 143.401474      1.032      1.041    13.5102  28.170771     0.0116 3.1865e+02    278.993     98.694      1.032    22.8060    16.8769    1487.56 0.0000e+00
        462 143.401474      1.032      1.041    13.5101  28.168352    -0.0053 3.4131e+02    278.748     98.609      1.032    22.8039    16.8753    1487.56 0.0000e+00
        463 143.401474      1.032      1.041    13.5097  28.165365     0.0076 3.0501e+02    278.662     98.580      1.032    22.8015    16.8735    1487.55 0.0000e+00
        464 143.401474      1.032      1.041    13.5092  28.161814     0.0056 3.0830e+02    278.559     98.548      1.032    22.7986    16.8714    1487.55 0.0000e+00
        465 143.401474      1.031      1.041    13.5085  28.158056     0.0047 2.9453e+02    278.447     98.507      1.031    22.7956    16.8693    1487.54 0.0000e+00
        466 143.401489      1.032      1.041    13.5078  28.154289     0.0027 3.2813e+02    278.409     98.494      1.032    22.7928    16.8672    1487.53 0.0000e+00
        467 143.401489      1.032      1.041    13.5069  28.151060     0.0175 3.1422e+02    278.688     98.593      1.032    22.7904    16.8655    1487.53 0.0000e+00
        468 143.401489      1.031      1.041    13.5061  28.149151     0.0066 2.9737e+02    278.675     98.588      1.031    22.7891    16.8647    1487.52 0.0000e+00
        469 143.401489      1.030      1.040    13.5055  28.148460     0.0037 3.1155e+02    279.120     98.745      1.030    22.7889    16.8646    1487.52 0.0000e+00
        470 143.401489      1.029      1.039    13.5050  28.148178     0.0027 3.1361e+02    279.228     98.779      1.029    22.7889    16.8647    1487.52 0.0000e+00
        471 143.401505      1.028      1.038    13.5048  28.147711     0.0106 2.9763e+02    279.322     98.806      1.028    22.7886    16.8645    1487.52 0.0000e+00
        472 143.401505      1.028      1.037    13.5047  28.147013    -0.0003 3.2835e+02    279.083     98.716      1.028    22.7881    16.8641    1487.52 0.0000e+00
        473 143.401505      1.027      1.037    13.5047  28.146530    -0.0023 3.0992e+02    279.282     98.788      1.027    22.7877    16.8638    1487.52 0.0000e+00
        474 143.401505      1.026      1.036    13.5047  28.146467     0.0027 3.0117e+02    278.924     98.662      1.026    22.7876    16.8638    1487.52 0.0000e+00
        475 143.401505      1.025      1.035    13.5047  28.146494    -0.0023 3.0952e+02    278.951     98.672      1.025    22.7877    16.8638    1487.52 0.0000e+00
        476 143.401520      1.025      1.034    13.5047  28.146219     0.0056 3.1019e+02    278.921     98.657      1.025    22.7874    16.8636    1487.52 0.0000e+00
        477 143.401520      1.024      1.033    13.5047  28.145607     0.0096 3.2598e+02    278.628     98.553      1.024    22.7868    16.8632    1487.52 0.0000e+00
        478 143.401520      1.023      1.033    13.5046  28.145166     0.0106 3.1115e+02    278.602     98.542      1.023    22.7865    16.8629    1487.52 0.0000e+00
        479 143.401520      1.023      1.032    13.5045  28.145512    -0.0311 2.9999e+02    278.720     98.584      1.023    22.7869    16.8632    1487.52 0.0000e+00
        480 143.401520      1.022      1.031    13.5044  28.146563    -0.0043 3.1740e+02    278.935     98.657      1.022    22.7879    16.8640    1487.52 0.0000e+00
        481 143.401535      1.021      1.031    13.5045  28.147791     0.0047 2.9375e+02    278.994     98.678      1.021    22.7889    16.8648    1487.52 0.0000e+00
