Data_manuscript/Scotland/SBE55/re5_1.cnv
* Sea-Bird SBE 19plus Data File:
* FileName = C:\Data\sbe55_sbe19p_5215\2023-05-23\RE5_1025.hex
* Software Version SeatermAF 2.1.4
* Temperature SN = 5215
* Conductivity SN = 5215
* System UpLoad Time = May 23 2023 11:04:35 (localtime) = May 23 2023 11:04:35 (UTC)
* ds
* SeacatPlus V 1.6b  SERIAL NO. 5215    23 May 2023  11:04:24
# nquan = 15                                
# nvalues = 6659                        
# units = specified
# name 0 = scan: Scan Count
# name 1 = timeJ: Julian Days
# name 2 = depSM: Depth [salt water, m], lat = 56.00
# name 3 = prdM: Pressure, Strain Gauge [db]
# name 4 = tv290C: Temperature [ITS-90, deg C]
# name 5 = c0mS/cm: Conductivity [mS/cm]
# name 6 = flECO-AFL: Fluorescence, WET Labs ECO-AFL/FL [mg/m^3]
# name 7 = par/sat/log: PAR/Logarithmic, Satlantic [umol photons/m^2/sec]
# name 8 = sbeox0Mm/L: Oxygen, SBE 43 [umol/l]
# name 9 = sbeox0PS: Oxygen, SBE 43 [% saturation]
# name 10 = depSM: Depth [salt water, m], lat = 56
# name 11 = sal00: Salinity, Practical [PSU]
# name 12 = sigma-t00: Density [sigma-t, kg/m^3 ]
# name 13 = svCM: Sound Velocity [Chen-Millero, m/s]
# name 14 = flag: flag
# span 0 =          1,       6659       
# span 1 = 143.400146, 143.419403       
# span 2 =      0.076,    143.212       
# span 3 =      0.076,    144.578       
# span 4 =    10.3705,    13.5143       
# span 5 =  -0.009461,  34.532669       
# span 6 =    -0.0380,    11.2838       
# span 7 = 5.3169e-02, 6.0828e+02       
# span 8 =      1.081,    332.583       
# span 9 =      0.396,    110.377       
# span 10 =      0.076,    143.212      
# span 11 =     0.0000,    28.5947      
# span 12 =    -0.6642,    21.3622      
# span 13 =    1459.03,    1496.32      
# span 14 = 0.0000e+00, 0.0000e+00      
# interval = seconds: 0.25
# start_time = May 23 2023 09:36:12 [Instrument's time stamp, header]
# bad_flag = -9.990e-29
*END*
[from data line 4820]
       4821 143.414093     86.929     87.746    13.3394  34.335438     0.4500 5.3367e-02      6.233      2.275     86.929    28.4720    21.2774    1495.06 0.0000e+00
       4822 143.414093     86.885     87.701    13.3390  34.334469     0.4272 5.3402e-02      6.487      2.368     86.885    28.4715    21.2770    1495.06 0.0000e+00
       4823 143.414093     86.840     87.656    13.3386  34.333366     0.4668 5.3402e-02      6.652      2.428     86.840    28.4708    21.2766    1495.06 0.0000e+00
       4824 143.414093     86.795     87.611    13.3382  34.332188     0.4668 5.3355e-02      6.811      2.486     86.795    28.4700    21.2761    1495.06 0.0000e+00
       4825 143.414093     86.750     87.565    13.3377  34.330887     0.4797 5.3273e-02      7.162      2.614     86.750    28.4692    21.2755    1495.05 0.0000e+00
       4826 143.414093     86.705     87.519    13.3372  34.329288     0.4738 5.3343e-02      7.320      2.672     86.705    28.4681    21.2748    1495.05 0.0000e+00
       4827 143.414108     86.659     87.474    13.3367  34.327236     0.4549 5.3355e-02      7.660      2.796     86.659    28.4666    21.2738    1495.04 0.0000e+00
       4828 143.414108     86.614     87.428    13.3359  34.324909     0.4450 5.3390e-02      7.733      2.822     86.614    28.4651    21.2727    1495.04 0.0000e+00
       4829 143.414108     86.569     87.382    13.3351  34.322689     0.4668 5.3320e-02      7.768      2.835     86.569    28.4637    21.2718    1495.03 0.0000e+00
       4830 143.414108     86.524     87.337    13.3341  34.320633     0.4668 5.3413e-02      7.913      2.888     86.524    28.4625    21.2711    1495.03 0.0000e+00
       4831 143.414108     86.480     87.292    13.3331  34.318287     0.4589 5.3367e-02      7.994      2.918     86.480    28.4611    21.2702    1495.02 0.0000e+00
       4832 143.414124     86.435     87.247    13.3321  34.314919     0.4668 5.3355e-02      8.004      2.921     86.435    28.4588    21.2686    1495.02 0.0000e+00
       4833 143.414124     86.390     87.202    13.3309  34.310574     0.4629 5.3332e-02      7.864      2.870     86.390    28.4557    21.2664    1495.01 0.0000e+00
       4834 143.414124     86.345     87.156    13.3294  34.306496     0.4579 5.3355e-02      8.255      3.013     86.345    28.4531    21.2647    1495.00 0.0000e+00
       4835 143.414124     86.300     87.111    13.3277  34.303909     0.4460 5.3425e-02      8.240      3.007     86.300    28.4520    21.2642    1494.99 0.0000e+00
       4836 143.414124     86.256     87.066    13.3262  34.302959     0.4411 5.3460e-02      8.441      3.081     86.256    28.4523    21.2647    1494.99 0.0000e+00
       4837 143.414139     86.211     87.021    13.3252  34.302464     0.4688 5.3390e-02      8.496      3.100     86.211    28.4526    21.2651    1494.98 0.0000e+00
       4838 143.414139     86.167     86.977    13.3246  34.300907     0.4549 5.3332e-02      8.562      3.125     86.167    28.4516    21.2645    1494.98 0.0000e+00
       4839 143.414139     86.123     86.932    13.3241  34.298141     0.4391 5.3413e-02      8.605      3.140     86.123    28.4495    21.2629    1494.97 0.0000e+00
       4840 143.414139     86.078     86.886    13.3233  34.295380     0.4500 5.3343e-02      8.625      3.148     86.078    28.4475    21.2615    1494.97 0.0000e+00
       4841 143.414139     86.032     86.840    13.3223  34.293289     0.4619 5.3238e-02      8.733      3.187     86.032    28.4463    21.2608    1494.96 0.0000e+00
       4842 143.414139     85.987     86.794    13.3213  34.291630     0.4589 5.3320e-02      8.714      3.180     85.987    28.4456    21.2604    1494.96 0.0000e+00
       4843 143.414154     85.941     86.749    13.3204  34.289917     0.4411 5.3273e-02      8.808      3.214     85.941    28.4447    21.2599    1494.95 0.0000e+00
       4844 143.414154     85.896     86.703    13.3196  34.287540     0.4411 5.3355e-02      9.019      3.291     85.896    28.4432    21.2589    1494.95 0.0000e+00
       4845 143.414154     85.851     86.657    13.3187  34.284473     0.4440 5.3297e-02      9.087      3.316     85.851    28.4410    21.2574    1494.94 0.0000e+00
       4846 143.414154     85.805     86.611    13.3176  34.281490     0.4639 5.3320e-02      8.935      3.260     85.805    28.4391    21.2562    1494.93 0.0000e+00
       4847 143.414154     85.759     86.564    13.3163  34.279251     0.4569 5.3297e-02      9.091      3.317     85.759    28.4380    21.2556    1494.93 0.0000e+00
       4848 143.414169     85.712     86.518    13.3152  34.277897     0.4698 5.3367e-02      9.055      3.304     85.712    28.4376    21.2555    1494.92 0.0000e+00
       4849 143.414169     85.666     86.471    13.3143  34.277103     0.4728 5.3402e-02      9.117      3.326     85.666    28.4376    21.2556    1494.92 0.0000e+00
       4850 143.414169     85.620     86.424    13.3137  34.276398     0.4460 5.3413e-02      9.108      3.323     85.620    28.4374    21.2556    1494.91 0.0000e+00
       4851 143.414169     85.575     86.378    13.3133  34.275711     0.4540 5.3332e-02      9.088      3.316     85.575    28.4371    21.2554    1494.91 0.0000e+00
       4852 143.414169     85.529     86.333    13.3129  34.275112     0.4649 5.3355e-02      9.263      3.380     85.529    28.4368    21.2553    1494.91 0.0000e+00
       4853 143.414185     85.484     86.287    13.3126  34.274330     0.4698 5.3367e-02      9.262      3.379     85.484    28.4363    21.2550    1494.91 0.0000e+00
       4854 143.414185     85.439     86.242    13.3123  34.273258     0.4668 5.3437e-02      9.295      3.391     85.439    28.4356    21.2544    1494.91 0.0000e+00
       4855 143.414185     85.394     86.196    13.3119  34.272236     0.4540 5.3390e-02      9.261      3.378     85.394    28.4350    21.2540    1494.90 0.0000e+00
       4856 143.414185     85.349     86.151    13.3115  34.271442     0.4708 5.3425e-02      9.442      3.445     85.349    28.4346    21.2538    1494.90 0.0000e+00
       4857 143.414185     85.305     86.106    13.3111  34.270725     0.4629 5.3413e-02      9.587      3.497     85.305    28.4343    21.2537    1494.90 0.0000e+00
       4858 143.414200     85.261     86.062    13.3106  34.269852     0.4460 5.3390e-02      9.569      3.490     85.261    28.4338    21.2534    1494.89 0.0000e+00
       4859 143.414200     85.217     86.017    13.3102  34.268726     0.4460 5.3390e-02      9.797      3.574     85.217    28.4331    21.2529    1494.89 0.0000e+00
       4860 143.414200     85.173     85.973    13.3098  34.267380     0.4371 5.3355e-02      9.854      3.594     85.173    28.4322    21.2523    1494.89 0.0000e+00
       4861 143.414200     85.129     85.929    13.3092  34.265915     0.4450 5.3355e-02      9.901      3.612     85.129    28.4313    21.2517    1494.88 0.0000e+00
       4862 143.414200     85.085     85.884    13.3086  34.264435     0.4559 5.3437e-02     10.162      3.707     85.085    28.4304    21.2511    1494.88 0.0000e+00
       4863 143.414200     85.041     85.839    13.3079  34.262966     0.4609 5.3320e-02     10.227      3.730     85.041    28.4296    21.2506    1494.88 0.0000e+00
       4864 143.414215     84.996     85.795    13.3072  34.261383     0.4401 5.3343e-02     10.193      3.718     84.996    28.4286    21.2501    1494.87 0.0000e+00
       4865 143.414215     84.952     85.750    13.3064  34.259583     0.4391 5.3355e-02     10.240      3.735     84.952    28.4276    21.2494    1494.87 0.0000e+00
       4866 143.414215     84.907     85.704    13.3056  34.257580     0.4331 5.3355e-02     10.336      3.770     84.907    28.4264    21.2486    1494.86 0.0000e+00
       4867 143.414215     84.862     85.659    13.3046  34.255447     0.4549 5.3402e-02     10.331      3.768     84.862    28.4251    21.2479    1494.86 0.0000e+00
       4868 143.414215     84.817     85.613    13.3036  34.253502     0.4480 5.3285e-02     10.435      3.805     84.817    28.4241    21.2473    1494.85 0.0000e+00
       4869 143.414230     84.771     85.568    13.3026  34.252010     0.4490 5.3355e-02     10.563      3.852     84.771    28.4235    21.2470    1494.85 0.0000e+00
       4870 143.414230     84.726     85.522    13.3017  34.250740     0.4430 5.3343e-02     10.706      3.904     84.726    28.4231    21.2468    1494.84 0.0000e+00
       4871 143.414230     84.681     85.476    13.3009  34.249249     0.4520 5.3343e-02     10.655      3.885     84.681    28.4223    21.2464    1494.84 0.0000e+00
       4872 143.414230     84.635     85.430    13.3001  34.247360     0.4520 5.3413e-02     10.775      3.928     84.635    28.4211    21.2456    1494.83 0.0000e+00
       4873 143.414230     84.590     85.385    13.2993  34.245293     0.4639 5.3355e-02     10.936      3.987     84.590    28.4199    21.2448    1494.83 0.0000e+00
       4874 143.414246     84.546     85.340    13.2984  34.243214     0.4708 5.3355e-02     10.962      3.996     84.546    28.4187    21.2440    1494.82 0.0000e+00
       4875 143.414246     84.501     85.295    13.2973  34.241142     0.4470 5.3343e-02     11.124      4.055     84.501    28.4175    21.2434    1494.82 0.0000e+00
       4876 143.414246     84.456     85.250    13.2962  34.239212     0.4421 5.3355e-02     11.084      4.040     84.456    28.4166    21.2429    1494.81 0.0000e+00
       4877 143.414246     84.412     85.205    13.2951  34.237560     0.4639 5.3355e-02     11.237      4.096     84.412    28.4159    21.2426    1494.81 0.0000e+00
       4878 143.414246     84.368     85.160    13.2941  34.236294     0.4589 5.3355e-02     11.344      4.135     84.368    28.4156    21.2425    1494.80 0.0000e+00
       4879 143.414261     84.325     85.117    13.2932  34.235245     0.4718 5.3355e-02     11.463      4.178     84.325    28.4153    21.2424    1494.80 0.0000e+00
       4880 143.414261     84.282     85.073    13.2923  34.233723     0.4579 5.3273e-02     11.520      4.199     84.282    28.4145    21.2420    1494.79 0.0000e+00
       4881 143.414261     84.239     85.030    13.2914  34.231468     0.4549 5.3343e-02     11.752      4.283     84.239    28.4132    21.2411    1494.79 0.0000e+00
       4882 143.414261     84.195     84.986    13.2903  34.229061     0.4421 5.3390e-02     11.879      4.329     84.195    28.4118    21.2403    1494.78 0.0000e+00
       4883 143.414261     84.152     84.942    13.2889  34.226845     0.4421 5.3355e-02     12.058      4.394     84.152    28.4108    21.2398    1494.78 0.0000e+00
       4884 143.414261     84.108     84.898    13.2875  34.224613     0.4490 5.3343e-02     12.253      4.465     84.108    28.4098    21.2393    1494.77 0.0000e+00
       4885 143.414276     84.064     84.854    13.2861  34.222229     0.4629 5.3355e-02     12.446      4.536     84.064    28.4087    21.2387    1494.76 0.0000e+00
       4886 143.414276     84.020     84.809    13.2845  34.219448     0.4619 5.3413e-02     12.527      4.565     84.020    28.4073    21.2379    1494.75 0.0000e+00
       4887 143.414276     83.976     84.765    13.2828  34.215950     0.4470 5.3390e-02     12.661      4.613     83.976    28.4054    21.2368    1494.75 0.0000e+00
       4888 143.414276     83.932     84.720    13.2808  34.211895     0.4549 5.3355e-02     12.725      4.636     83.932    28.4031    21.2354    1494.74 0.0000e+00
       4889 143.414276     83.888     84.676    13.2784  34.208004     0.4421 5.3332e-02     12.740      4.642     83.888    28.4014    21.2345    1494.72 0.0000e+00
       4890 143.414291     83.844     84.631    13.2758  34.204781     0.4490 5.3297e-02     12.848      4.682     83.844    28.4004    21.2342    1494.71 0.0000e+00
       4891 143.414291     83.799     84.586    13.2734  34.202129     0.4549 5.3367e-02     12.843      4.680     83.799    28.3998    21.2342    1494.70 0.0000e+00
       4892 143.414291     83.754     84.540    13.2712  34.199860     0.4500 5.3390e-02     12.947      4.717     83.754    28.3993    21.2343    1494.70 0.0000e+00
       4893 143.414291     83.709     84.495    13.2692  34.197895     0.4430 5.3402e-02     13.049      4.754     83.709    28.3990    21.2344    1494.69 0.0000e+00
       4894 143.414291     83.663     84.449    13.2676  34.196304     0.4401 5.3355e-02     13.163      4.795     83.663    28.3988    21.2346    1494.68 0.0000e+00
       4895 143.414307     83.619     84.404    13.2662  34.194687     0.4401 5.3343e-02     13.248      4.826     83.619    28.3983    21.2345    1494.68 0.0000e+00
       4896 143.414307     83.574     84.359    13.2649  34.192226     0.4430 5.3285e-02     13.272      4.835     83.574    28.3970    21.2337    1494.67 0.0000e+00
       4897 143.414307     83.530     84.314    13.2635  34.188953     0.4450 5.3285e-02     13.357      4.866     83.530    28.3951    21.2325    1494.66 0.0000e+00
       4898 143.414307     83.486     84.270    13.2616  34.185760     0.4629 5.3320e-02     13.625      4.963     83.486    28.3936    21.2317    1494.65 0.0000e+00
       4899 143.414307     83.442     84.225    13.2595  34.183262     0.4629 5.3343e-02     13.653      4.973     83.442    28.3928    21.2315    1494.64 0.0000e+00
       4900 143.414307     83.398     84.181    13.2576  34.181488     0.4639 5.3367e-02     13.653      4.973     83.398    28.3926    21.2317    1494.64 0.0000e+00
       4901 143.414322     83.354     84.137    13.2560  34.180199     0.4678 5.3273e-02     13.579      4.946     83.354    28.3927    21.2321    1494.63 0.0000e+00
       4902 143.414322     83.311     84.093    13.2546  34.178749     0.4361 5.3402e-02     13.692      4.987     83.311    28.3924    21.2321    1494.62 0.0000e+00
       4903 143.414322     83.268     84.049    13.2534  34.176674     0.4460 5.3355e-02     13.502      4.917     83.268    28.3914    21.2316    1494.62 0.0000e+00
       4904 143.414322     83.224     84.006    13.2520  34.174625     0.4480 5.3332e-02     13.800      5.026     83.224    28.3906    21.2312    1494.61 0.0000e+00
       4905 143.414322     83.181     83.962    13.2506  34.173409     0.4470 5.3308e-02     13.809      5.029     83.181    28.3905    21.2315    1494.61 0.0000e+00
       4906 143.414337     83.136     83.917    13.2493  34.172810     0.4331 5.3297e-02     13.833      5.038     83.136    28.3909    21.2320    1494.60 0.0000e+00
       4907 143.414337     83.092     83.872    13.2485  34.172169     0.4361 5.3413e-02     13.941      5.077     83.092    28.3909    21.2322    1494.60 0.0000e+00
       4908 143.414337     83.048     83.827    13.2479  34.171036     0.4302 5.3425e-02     14.017      5.104     83.048    28.3904    21.2318    1494.59 0.0000e+00
       4909 143.414337     83.003     83.783    13.2473  34.168976     0.4331 5.3227e-02     14.091      5.131     83.003    28.3890    21.2309    1494.59 0.0000e+00
       4910 143.414337     82.959     83.738    13.2462  34.166134     0.4192 5.3297e-02     14.273      5.197     82.959    28.3871    21.2297    1494.58 0.0000e+00
       4911 143.414352     82.914     83.692    13.2446  34.163666     0.4440 5.3367e-02     14.281      5.200     82.914    28.3861    21.2291    1494.58 0.0000e+00
       4912 143.414352     82.868     83.646    13.2429  34.162292     0.4440 5.3390e-02     14.189      5.166     82.868    28.3861    21.2295    1494.57 0.0000e+00
       4913 143.414352     82.823     83.600    13.2414  34.161522     0.4500 5.3367e-02     14.201      5.170     82.823    28.3865    21.2301    1494.56 0.0000e+00
       4914 143.414352     82.777     83.554    13.2404  34.160538     0.4440 5.3285e-02     14.497      5.278     82.777    28.3864    21.2302    1494.56 0.0000e+00
       4915 143.414352     82.732     83.508    13.2395  34.158688     0.4520 5.3308e-02     14.637      5.329     82.732    28.3854    21.2296    1494.56 0.0000e+00
