Data_manuscript/Scotland/SBE55/re5_1.cnv
* Sea-Bird SBE 19plus Data File:
* FileName = C:\Data\sbe55_sbe19p_5215\2023-05-23\RE5_1025.hex
* Software Version SeatermAF 2.1.4
* Temperature SN = 5215
* Conductivity SN = 5215
* System UpLoad Time = May 23 2023 11:04:35 (localtime) = May 23 2023 11:04:35 (UTC)
* ds
* SeacatPlus V 1.6b  SERIAL NO. 5215    23 May 2023  11:04:24
# nquan = 15                                
# nvalues = 6659                        
# units = specified
# name 0 = scan: Scan Count
# name 1 = timeJ: Julian Days
# name 2 = depSM: Depth [salt water, m], lat = 56.00
# name 3 = prdM: Pressure, Strain Gauge [db]
# name 4 = tv290C: Temperature [ITS-90, deg C]
# name 5 = c0mS/cm: Conductivity [mS/cm]
# name 6 = flECO-AFL: Fluorescence, WET Labs ECO-AFL/FL [mg/m^3]
# name 7 = par/sat/log: PAR/Logarithmic, Satlantic [umol photons/m^2/sec]
# name 8 = sbeox0Mm/L: Oxygen, SBE 43 [umol/l]
# name 9 = sbeox0PS: Oxygen, SBE 43 [% saturation]
# name 10 = depSM: Depth [salt water, m], lat = 56
# name 11 = sal00: Salinity, Practical [PSU]
# name 12 = sigma-t00: Density [sigma-t, kg/m^3 ]
# name 13 = svCM: Sound Velocity [Chen-Millero, m/s]
# name 14 = flag: flag
# span 0 =          1,       6659       
# span 1 = 143.400146, 143.419403       
# span 2 =      0.076,    143.212       
# span 3 =      0.076,    144.578       
# span 4 =    10.3705,    13.5143       
# span 5 =  -0.009461,  34.532669       
# span 6 =    -0.0380,    11.2838       
# span 7 = 5.3169e-02, 6.0828e+02       
# span 8 =      1.081,    332.583       
# span 9 =      0.396,    110.377       
# span 10 =      0.076,    143.212      
# span 11 =     0.0000,    28.5947      
# span 12 =    -0.6642,    21.3622      
# span 13 =    1459.03,    1496.32      
# span 14 = 0.0000e+00, 0.0000e+00      
# interval = seconds: 0.25
# start_time = May 23 2023 09:36:12 [Instrument's time stamp, header]
# bad_flag = -9.990e-29
*END*
[from data line 5784]
       5785 143.416870     41.541     41.926    11.0243  31.205379     0.3687 5.3355e-02    248.027     85.594     41.541    27.2616    20.7537    1484.83 0.0000e+00
       5786 143.416885     41.493     41.878    11.0243  31.205082     0.3538 5.3367e-02    248.664     85.813     41.493    27.2613    20.7535    1484.83 0.0000e+00
       5787 143.416885     41.445     41.830    11.0244  31.204718     0.3568 5.3355e-02    249.145     85.979     41.445    27.2609    20.7532    1484.83 0.0000e+00
       5788 143.416885     41.398     41.782    11.0244  31.204245     0.3488 5.3367e-02    249.674     86.161     41.398    27.2604    20.7528    1484.83 0.0000e+00
       5789 143.416885     41.351     41.735    11.0245  31.203705     0.3587 5.3355e-02    250.069     86.296     41.351    27.2599    20.7523    1484.83 0.0000e+00
       5790 143.416885     41.304     41.688    11.0247  31.203211     0.3667 5.3343e-02    250.723     86.520     41.304    27.2593    20.7519    1484.83 0.0000e+00
       5791 143.416885     41.258     41.641    11.0248  31.202726     0.3647 5.3367e-02    250.927     86.588     41.258    27.2587    20.7514    1484.83 0.0000e+00
       5792 143.416901     41.212     41.595    11.0251  31.202133     0.3518 5.3355e-02    251.093     86.644     41.212    27.2580    20.7508    1484.83 0.0000e+00
       5793 143.416901     41.166     41.548    11.0254  31.201488     0.3736 5.3308e-02    251.273     86.705     41.166    27.2572    20.7501    1484.83 0.0000e+00
       5794 143.416901     41.120     41.501    11.0258  31.200939     0.3726 5.3425e-02    251.118     86.651     41.120    27.2564    20.7494    1484.82 0.0000e+00
       5795 143.416901     41.073     41.454    11.0262  31.200455     0.3617 5.3343e-02    251.434     86.759     41.073    27.2556    20.7487    1484.82 0.0000e+00
       5796 143.416901     41.026     41.407    11.0268  31.199942     0.3696 5.3390e-02    251.299     86.711     41.026    27.2547    20.7479    1484.82 0.0000e+00
       5797 143.416916     40.978     41.359    11.0273  31.199530     0.3587 5.3343e-02    251.300     86.711     40.978    27.2539    20.7472    1484.83 0.0000e+00
       5798 143.416916     40.931     41.311    11.0279  31.199293     0.3577 5.3355e-02    251.185     86.671     40.931    27.2533    20.7466    1484.83 0.0000e+00
       5799 143.416916     40.883     41.262    11.0283  31.199026     0.3726 5.3308e-02    251.455     86.762     40.883    27.2527    20.7461    1484.83 0.0000e+00
       5800 143.416916     40.835     41.215    11.0287  31.198627     0.3736 5.3297e-02    251.675     86.837     40.835    27.2521    20.7455    1484.83 0.0000e+00
       5801 143.416916     40.788     41.167    11.0290  31.198061     0.3756 5.3343e-02    251.938     86.927     40.788    27.2513    20.7449    1484.82 0.0000e+00
       5802 143.416931     40.742     41.120    11.0292  31.197271     0.3726 5.3320e-02    252.159     87.002     40.742    27.2504    20.7442    1484.82 0.0000e+00
       5803 143.416931     40.696     41.073    11.0293  31.196327     0.3786 5.3332e-02    252.272     87.041     40.696    27.2494    20.7434    1484.82 0.0000e+00
       5804 143.416931     40.649     41.026    11.0293  31.195318     0.3736 5.3343e-02    252.240     87.030     40.649    27.2485    20.7427    1484.82 0.0000e+00
       5805 143.416931     40.602     40.979    11.0292  31.194256     0.3687 5.3285e-02    251.990     86.943     40.602    27.2475    20.7419    1484.82 0.0000e+00
       5806 143.416931     40.555     40.932    11.0291  31.193041     0.3696 5.3297e-02    251.863     86.899     40.555    27.2465    20.7411    1484.82 0.0000e+00
       5807 143.416931     40.509     40.885    11.0289  31.191648     0.3667 5.3390e-02    251.434     86.751     40.509    27.2453    20.7403    1484.81 0.0000e+00
       5808 143.416946     40.463     40.838    11.0286  31.190201     0.3677 5.3355e-02    251.405     86.741     40.463    27.2442    20.7395    1484.81 0.0000e+00
       5809 143.416946     40.417     40.792    11.0281  31.188858     0.3627 5.3355e-02    251.316     86.710     40.417    27.2432    20.7388    1484.81 0.0000e+00
       5810 143.416946     40.371     40.746    11.0277  31.187735     0.3726 5.3390e-02    251.419     86.745     40.371    27.2425    20.7383    1484.80 0.0000e+00
       5811 143.416946     40.325     40.700    11.0272  31.186728     0.3776 5.3355e-02    251.492     86.769     40.325    27.2419    20.7379    1484.80 0.0000e+00
       5812 143.416946     40.279     40.653    11.0269  31.185715     0.3716 5.3402e-02    251.587     86.802     40.279    27.2412    20.7374    1484.80 0.0000e+00
       5813 143.416962     40.234     40.607    11.0265  31.184711     0.3449 5.3320e-02    251.797     86.875     40.234    27.2405    20.7369    1484.79 0.0000e+00
       5814 143.416962     40.188     40.561    11.0262  31.183769     0.3508 5.3343e-02    251.834     86.889     40.188    27.2398    20.7364    1484.79 0.0000e+00
       5815 143.416962     40.142     40.515    11.0259  31.182878     0.3607 5.3413e-02    252.008     86.949     40.142    27.2392    20.7360    1484.79 0.0000e+00
       5816 143.416962     40.096     40.468    11.0256  31.181889     0.3518 5.3355e-02    252.022     86.953     40.096    27.2385    20.7356    1484.79 0.0000e+00
       5817 143.416962     40.050     40.422    11.0252  31.180859     0.3587 5.3343e-02    252.051     86.963     40.050    27.2378    20.7350    1484.78 0.0000e+00
       5818 143.416977     40.003     40.375    11.0249  31.179993     0.3776 5.3320e-02    252.133     86.991     40.003    27.2372    20.7346    1484.78 0.0000e+00
       5819 143.416977     39.956     40.327    11.0246  31.179295     0.3716 5.3308e-02    252.041     86.960     39.956    27.2367    20.7343    1484.78 0.0000e+00
       5820 143.416977     39.909     40.280    11.0244  31.178743     0.3706 5.3320e-02    252.097     86.980     39.909    27.2364    20.7341    1484.78 0.0000e+00
       5821 143.416977     39.862     40.232    11.0242  31.178268     0.3736 5.3297e-02    251.740     86.858     39.862    27.2361    20.7339    1484.77 0.0000e+00
       5822 143.416977     39.815     40.185    11.0241  31.177729     0.3736 5.3367e-02    251.496     86.773     39.815    27.2357    20.7336    1484.77 0.0000e+00
       5823 143.416992     39.768     40.137    11.0240  31.177176     0.3806 5.3332e-02    251.267     86.694     39.768    27.2352    20.7332    1484.77 0.0000e+00
       5824 143.416992     39.719     40.088    11.0240  31.176723     0.3746 5.3343e-02    251.207     86.672     39.719    27.2348    20.7330    1484.77 0.0000e+00
       5825 143.416992     39.671     40.039    11.0240  31.176336     0.3627 5.3297e-02    251.122     86.643     39.671    27.2345    20.7327    1484.77 0.0000e+00
       5826 143.416992     39.622     39.990    11.0241  31.175863     0.3558 5.3308e-02    251.279     86.698     39.622    27.2340    20.7323    1484.77 0.0000e+00
       5827 143.416992     39.574     39.941    11.0242  31.175234     0.3587 5.3367e-02    251.247     86.688     39.574    27.2333    20.7318    1484.77 0.0000e+00
       5828 143.416992     39.527     39.894    11.0242  31.174603     0.3548 5.3308e-02    251.474     86.767     39.527    27.2327    20.7312    1484.76 0.0000e+00
       5829 143.417007     39.480     39.846    11.0243  31.174129     0.3478 5.3367e-02    251.575     86.802     39.480    27.2322    20.7308    1484.76 0.0000e+00
       5830 143.417007     39.432     39.798    11.0244  31.173874     0.3647 5.3273e-02    251.962     86.935     39.432    27.2319    20.7306    1484.76 0.0000e+00
       5831 143.417007     39.384     39.750    11.0245  31.173780     0.3647 5.3332e-02    252.118     86.989     39.384    27.2317    20.7305    1484.76 0.0000e+00
       5832 143.417007     39.337     39.702    11.0247  31.173609     0.3796 5.3390e-02    252.363     87.073     39.337    27.2315    20.7302    1484.76 0.0000e+00
       5833 143.417007     39.289     39.654    11.0249  31.173216     0.3647 5.3332e-02    252.330     87.062     39.289    27.2309    20.7298    1484.76 0.0000e+00
       5834 143.417023     39.242     39.607    11.0250  31.172750     0.3478 5.3250e-02    252.525     87.129     39.242    27.2304    20.7293    1484.76 0.0000e+00
       5835 143.417023     39.196     39.560    11.0252  31.172403     0.3617 5.3355e-02    252.547     87.137     39.196    27.2300    20.7290    1484.76 0.0000e+00
       5836 143.417023     39.149     39.513    11.0254  31.172207     0.3389 5.3390e-02    252.662     87.177     39.149    27.2297    20.7287    1484.76 0.0000e+00
       5837 143.417023     39.102     39.465    11.0255  31.172108     0.3756 5.3448e-02    252.582     87.150     39.102    27.2295    20.7285    1484.76 0.0000e+00
       5838 143.417023     39.055     39.417    11.0257  31.171993     0.3786 5.3297e-02    252.357     87.073     39.055    27.2292    20.7283    1484.76 0.0000e+00
       5839 143.417038     39.007     39.369    11.0259  31.171814     0.3736 5.3308e-02    252.145     87.000     39.007    27.2289    20.7280    1484.76 0.0000e+00
       5840 143.417038     38.959     39.321    11.0260  31.171618     0.3726 5.3285e-02    251.966     86.939     38.959    27.2287    20.7278    1484.76 0.0000e+00
       5841 143.417038     38.912     39.273    11.0260  31.171474     0.3687 5.3355e-02    252.015     86.956     38.912    27.2285    20.7277    1484.76 0.0000e+00
       5842 143.417038     38.865     39.225    11.0261  31.171440     0.3716 5.3343e-02    251.771     86.873     38.865    27.2285    20.7277    1484.76 0.0000e+00
       5843 143.417038     38.817     39.177    11.0261  31.171534     0.3627 5.3343e-02    251.744     86.863     38.817    27.2286    20.7277    1484.75 0.0000e+00
       5844 143.417053     38.768     39.128    11.0262  31.171680     0.3677 5.3355e-02    251.539     86.792     38.768    27.2287    20.7278    1484.75 0.0000e+00
       5845 143.417053     38.718     39.078    11.0264  31.171772     0.3766 5.3355e-02    251.561     86.800     38.718    27.2287    20.7278    1484.75 0.0000e+00
       5846 143.417053     38.668     39.027    11.0265  31.171780     0.3696 5.3343e-02    251.433     86.755     38.668    27.2286    20.7277    1484.75 0.0000e+00
       5847 143.417053     38.619     38.977    11.0267  31.171717     0.3667 5.3425e-02    251.585     86.806     38.619    27.2284    20.7275    1484.75 0.0000e+00
       5848 143.417053     38.570     38.928    11.0268  31.171627     0.3508 5.3367e-02    251.772     86.869     38.570    27.2283    20.7274    1484.75 0.0000e+00
       5849 143.417053     38.521     38.879    11.0268  31.171556     0.3548 5.3250e-02    252.083     86.975     38.521    27.2282    20.7273    1484.75 0.0000e+00
       5850 143.417068     38.472     38.829    11.0269  31.171532     0.3518 5.3390e-02    252.169     87.002     38.472    27.2281    20.7272    1484.75 0.0000e+00
       5851 143.417068     38.423     38.780    11.0270  31.171541     0.3806 5.3425e-02    252.461     87.102     38.423    27.2281    20.7272    1484.75 0.0000e+00
       5852 143.417068     38.374     38.730    11.0271  31.171591     0.3696 5.3367e-02    252.686     87.178     38.374    27.2281    20.7272    1484.75 0.0000e+00
       5853 143.417068     38.325     38.681    11.0272  31.171667     0.3706 5.3413e-02    252.712     87.183     38.325    27.2281    20.7272    1484.75 0.0000e+00
       5854 143.417068     38.277     38.632    11.0274  31.171751     0.3696 5.3367e-02    252.857     87.230     38.277    27.2281    20.7271    1484.75 0.0000e+00
       5855 143.417084     38.230     38.584    11.0276  31.171824     0.3726 5.3332e-02    252.709     87.174     38.230    27.2280    20.7270    1484.75 0.0000e+00
       5856 143.417084     38.182     38.536    11.0278  31.171871     0.3835 5.3332e-02    252.740     87.178     38.182    27.2279    20.7269    1484.75 0.0000e+00
       5857 143.417084     38.135     38.489    11.0280  31.171886     0.3568 5.3180e-02    252.655     87.144     38.135    27.2278    20.7268    1484.75 0.0000e+00
       5858 143.417084     38.087     38.440    11.0282  31.171867     0.3677 5.3390e-02    252.608     87.125     38.087    27.2276    20.7266    1484.75 0.0000e+00
       5859 143.417084     38.039     38.392    11.0284  31.171791     0.3696 5.3355e-02    252.327     87.021     38.039    27.2274    20.7265    1484.75 0.0000e+00
       5860 143.417099     37.992     38.344    11.0286  31.171612     0.3726 5.3425e-02    252.340     87.015     37.992    27.2271    20.7262    1484.75 0.0000e+00
       5861 143.417099     37.944     38.296    11.0286  31.171314     0.3667 5.3332e-02    252.262     86.973     37.944    27.2268    20.7260    1484.75 0.0000e+00
       5862 143.417099     37.896     38.248    11.0286  31.170862     0.3726 5.3355e-02    251.853     86.817     37.896    27.2264    20.7257    1484.75 0.0000e+00
       5863 143.417099     37.848     38.200    11.0285  31.170193     0.3637 5.3437e-02    251.647     86.740     37.848    27.2259    20.7252    1484.74 0.0000e+00
       5864 143.417099     37.801     38.151    11.0283  31.169331     0.3756 5.3355e-02    251.558     86.706     37.801    27.2252    20.7248    1484.74 0.0000e+00
       5865 143.417099     37.753     38.103    11.0279  31.168308     0.3706 5.3332e-02    251.416     86.652     37.753    27.2245    20.7243    1484.74 0.0000e+00
       5866 143.417114     37.704     38.054    11.0274  31.167097     0.3677 5.3308e-02    251.302     86.606     37.704    27.2238    20.7238    1484.73 0.0000e+00
       5867 143.417114     37.655     38.005    11.0268  31.165701     0.3488 5.3448e-02    251.270     86.590     37.655    27.2229    20.7232    1484.73 0.0000e+00
       5868 143.417114     37.606     37.955    11.0260  31.164215     0.3558 5.3367e-02    250.877     86.442     37.606    27.2221    20.7227    1484.73 0.0000e+00
       5869 143.417114     37.557     37.905    11.0251  31.162579     0.3528 5.3355e-02    250.759     86.395     37.557    27.2211    20.7221    1484.72 0.0000e+00
       5870 143.417114     37.508     37.856    11.0241  31.160423     0.3657 5.3367e-02    250.303     86.232     37.508    27.2198    20.7213    1484.72 0.0000e+00
       5871 143.417130     37.459     37.807    11.0229  31.157675     0.3558 5.3320e-02    249.842     86.072     37.459    27.2181    20.7201    1484.71 0.0000e+00
       5872 143.417130     37.411     37.758    11.0214  31.154560     0.3597 5.3308e-02    249.108     85.817     37.411    27.2162    20.7189    1484.70 0.0000e+00
       5873 143.417130     37.362     37.708    11.0195  31.151114     0.3508 5.3367e-02    248.516     85.613     37.362    27.2143    20.7177    1484.69 0.0000e+00
       5874 143.417130     37.313     37.659    11.0173  31.147532     0.3518 5.3320e-02    247.861     85.385     37.313    27.2125    20.7167    1484.68 0.0000e+00
       5875 143.417130     37.264     37.610    11.0148  31.143948     0.3528 5.3262e-02    247.124     85.125     37.264    27.2109    20.7159    1484.67 0.0000e+00
       5876 143.417145     37.215     37.561    11.0120  31.139671     0.3538 5.3285e-02    246.656     84.958     37.215    27.2088    20.7147    1484.65 0.0000e+00
       5877 143.417145     37.167     37.512    11.0089  31.134186     0.3667 5.3355e-02    246.289     84.826     37.167    27.2059    20.7130    1484.64 0.0000e+00
       5878 143.417145     37.120     37.464    11.0050  31.128166     0.3409 5.3507e-02    245.755     84.639     37.120    27.2029    20.7113    1484.62 0.0000e+00
       5879 143.417145     37.072     37.416    11.0005  31.122541     0.3330 5.3332e-02    245.110     84.416     37.072    27.2009    20.7104    1484.60 0.0000e+00
