Data_manuscript/Scotland/SBE55/re5_1_1m.cnv
* Sea-Bird SBE 19plus Data File:
* FileName = C:\Data\sbe55_sbe19p_5215\2023-05-23\RE5_1025.hex
* Software Version SeatermAF 2.1.4
* Temperature SN = 5215
* Conductivity SN = 5215
* System UpLoad Time = May 23 2023 11:04:35 (localtime) = May 23 2023 11:04:35 (UTC)
* ds
* SeacatPlus V 1.6b  SERIAL NO. 5215    23 May 2023  11:04:24
# nquan = 15
# nvalues = 285                         
# units = specified
# name 0 = scan: Scan Count
# name 1 = timeJ: Julian Days
# name 2 = depSM: Depth [salt water, m], lat = 56.00
# name 3 = prdM: Pressure, Strain Gauge [db]
# name 4 = tv290C: Temperature [ITS-90, deg C]
# name 5 = c0mS/cm: Conductivity [mS/cm]
# name 6 = flECO-AFL: Fluorescence, WET Labs ECO-AFL/FL [mg/m^3]
# name 7 = par/sat/log: PAR/Logarithmic, Satlantic [umol photons/m^2/sec]
# name 8 = sbeox0Mm/L: Oxygen, SBE 43 [umol/l]
# name 9 = sbeox0PS: Oxygen, SBE 43 [% saturation]
# name 10 = depSM: Depth [salt water, m], lat = 56
# name 11 = sal00: Salinity, Practical [PSU]
# name 12 = sigma-t00: Density [sigma-t, kg/m^3 ]
# name 13 = svCM: Sound Velocity [Chen-Millero, m/s]
# name 14 = flag: flag
# span 0 =        290,       6588       
# span 1 = 143.400976, 143.419198       
# span 2 =      1.000,    143.000       
# span 3 =      1.009,    144.364       
# span 4 =    10.3754,    13.5054       
# span 5 =  28.093004,  34.532405       
# span 6 =     0.0058,     8.3361       
# span 7 = 5.3315e-02, 3.3339e+02       
# span 8 =      1.286,    286.862       
# span 9 =      0.470,     98.539       
# span 10 =      1.000,    143.000      
# span 11 =    22.7393,    28.5945      
# span 12 =    16.8264,    21.3621      
# span 13 =    1481.13,    1496.32      
# span 14 = 0.0000e+00, 0.0000e+00      
# interval = meters: 1                  
# start_time = May 23 2023 09:36:12 [Instrument's time stamp, header]
# bad_flag = -9.990e-29
*END*
[from data line 97]
       2468 143.407278     98.000     98.924    13.3581  34.387207     0.4561 5.3351e-02      3.990      1.458     98.000    28.5018    21.2968    1495.35 0.0000e+00
       2488 143.407335     99.000     99.933    13.3606  34.395105     0.4617 5.3345e-02      3.744      1.369     99.000    28.5068    21.3002    1495.38 0.0000e+00
       2508 143.407391    100.000    100.943    13.3654  34.408449     0.4613 5.3380e-02      3.216      1.176    100.000    28.5151    21.3057    1495.42 0.0000e+00
       2527 143.407448    101.000    101.953    13.3676  34.415546     0.4648 5.3362e-02      2.960      1.082    101.000    28.5196    21.3087    1495.45 0.0000e+00
       2546 143.407503    102.000    102.962    13.3692  34.420781     0.4559 5.3346e-02      2.828      1.034    102.000    28.5229    21.3109    1495.48 0.0000e+00
       2566 143.407559    103.000    103.972    13.3710  34.429925     0.4650 5.3359e-02      2.544      0.930    103.000    28.5296    21.3158    1495.51 0.0000e+00
       2586 143.407617    104.000    104.982    13.3732  34.440309     0.4653 5.3358e-02      2.086      0.763    104.000    28.5371    21.3212    1495.54 0.0000e+00
       2605 143.407675    105.000    105.991    13.3751  34.445448     0.4656 5.3364e-02      2.141      0.783    105.000    28.5401    21.3231    1495.57 0.0000e+00
       2625 143.407732    106.000    107.001    13.3756  34.446736     0.4669 5.3352e-02      2.064      0.755    106.000    28.5405    21.3233    1495.58 0.0000e+00
       2646 143.407791    107.000    108.011    13.3761  34.449984     0.4688 5.3337e-02      1.785      0.653    107.000    28.5427    21.3249    1495.61 0.0000e+00
       2667 143.407852    108.000    109.021    13.3778  34.461126     0.4672 5.3346e-02      1.654      0.605    108.000    28.5514    21.3313    1495.64 0.0000e+00
       2689 143.407918    109.000    110.030    13.3788  34.466760     0.4719 5.3325e-02      1.626      0.595    109.000    28.5554    21.3342    1495.66 0.0000e+00
       2714 143.407988    110.000    111.040    13.3797  34.472774     0.4762 5.3359e-02      1.612      0.590    110.000    28.5599    21.3375    1495.69 0.0000e+00
       2739 143.408061    111.000    112.050    13.3805  34.476730     0.4812 5.3360e-02      1.609      0.588    111.000    28.5626    21.3394    1495.71 0.0000e+00
       2765 143.408136    112.000    113.060    13.3814  34.481010     0.4826 5.3348e-02      1.577      0.577    112.000    28.5655    21.3415    1495.73 0.0000e+00
       2788 143.408202    113.000    114.069    13.3825  34.486601     0.4846 5.3349e-02      1.603      0.586    113.000    28.5695    21.3444    1495.76 0.0000e+00
       2811 143.408269    114.000    115.079    13.3831  34.490368     0.4870 5.3343e-02      1.617      0.592    114.000    28.5722    21.3463    1495.78 0.0000e+00
       2834 143.408336    115.000    116.089    13.3836  34.493396     0.4856 5.3344e-02      1.571      0.575    115.000    28.5742    21.3477    1495.80 0.0000e+00
       2855 143.408397    116.000    117.098    13.3839  34.495190     0.4883 5.3353e-02      1.551      0.567    116.000    28.5752    21.3485    1495.82 0.0000e+00
       2875 143.408455    117.000    118.108    13.3842  34.496293     0.4928 5.3359e-02      1.560      0.570    117.000    28.5757    21.3488    1495.84 0.0000e+00
       2896 143.408515    118.000    119.118    13.3844  34.497814     0.4938 5.3362e-02      1.725      0.631    118.000    28.5765    21.3494    1495.86 0.0000e+00
       2916 143.408575    119.000    120.128    13.3847  34.498674     0.4966 5.3365e-02      1.677      0.614    119.000    28.5768    21.3496    1495.87 0.0000e+00
       2936 143.408633    120.000    121.137    13.3849  34.499764     0.4905 5.3343e-02      1.755      0.642    120.000    28.5773    21.3499    1495.89 0.0000e+00
       2956 143.408689    121.000    122.147    13.3853  34.501409     0.4931 5.3336e-02      1.489      0.545    121.000    28.5781    21.3505    1495.91 0.0000e+00
       2975 143.408744    122.000    123.157    13.3856  34.502927     0.4926 5.3361e-02      1.553      0.568    122.000    28.5789    21.3511    1495.93 0.0000e+00
       2995 143.408800    123.000    124.167    13.3859  34.504391     0.4963 5.3354e-02      1.481      0.542    123.000    28.5797    21.3516    1495.95 0.0000e+00
       3015 143.408859    124.000    125.177    13.3861  34.505638     0.4974 5.3358e-02      1.543      0.565    124.000    28.5804    21.3521    1495.97 0.0000e+00
       3036 143.408921    125.000    126.186    13.3863  34.506983     0.5016 5.3344e-02      1.549      0.567    125.000    28.5810    21.3526    1495.98 0.0000e+00
       3058 143.408983    126.000    127.196    13.3867  34.509068     0.5004 5.3342e-02      1.518      0.555    126.000    28.5823    21.3535    1496.00 0.0000e+00
       3078 143.409043    127.000    128.206    13.3869  34.510022     0.4961 5.3339e-02      1.534      0.561    127.000    28.5827    21.3537    1496.02 0.0000e+00
       3099 143.409103    128.000    129.216    13.3871  34.511099     0.5012 5.3352e-02      1.540      0.563    128.000    28.5832    21.3540    1496.04 0.0000e+00
       3120 143.409164    129.000    130.226    13.3875  34.512314     0.4995 5.3353e-02      1.475      0.540    129.000    28.5837    21.3544    1496.06 0.0000e+00
       3141 143.409225    130.000    131.236    13.3877  34.513330     0.4959 5.3347e-02      1.462      0.535    130.000    28.5841    21.3546    1496.08 0.0000e+00
       3162 143.409286    131.000    132.246    13.3880  34.514737     0.4991 5.3347e-02      1.449      0.530    131.000    28.5847    21.3551    1496.09 0.0000e+00
       3184 143.409350    132.000    133.255    13.3883  34.516496     0.5016 5.3330e-02      1.458      0.533    132.000    28.5858    21.3558    1496.11 0.0000e+00
       3207 143.409415    133.000    134.265    13.3887  34.518486     0.4994 5.3340e-02      1.779      0.651    133.000    28.5870    21.3567    1496.13 0.0000e+00
       3229 143.409479    134.000    135.275    13.3890  34.519709     0.5012 5.3346e-02      1.637      0.599    134.000    28.5876    21.3571    1496.15 0.0000e+00
       3251 143.409542    135.000    136.285    13.3893  34.521637     0.5044 5.3367e-02      1.753      0.641    135.000    28.5887    21.3579    1496.17 0.0000e+00
       3272 143.409604    136.000    137.295    13.3896  34.523446     0.5075 5.3368e-02      1.783      0.653    136.000    28.5898    21.3587    1496.19 0.0000e+00
       3294 143.409668    137.000    138.304    13.3898  34.525170     0.5045 5.3347e-02      1.455      0.532    137.000    28.5909    21.3595    1496.21 0.0000e+00
       3317 143.409734    138.000    139.314    13.3902  34.527206     0.5043 5.3347e-02      1.491      0.546    138.000    28.5921    21.3603    1496.23 0.0000e+00
       3340 143.409799    139.000    140.324    13.3905  34.528245     0.5060 5.3348e-02      1.424      0.521    139.000    28.5925    21.3606    1496.25 0.0000e+00
       3362 143.409864    140.000    141.334    13.3906  34.529132     0.5094 5.3337e-02      1.427      0.522    140.000    28.5928    21.3608    1496.26 0.0000e+00
       3385 143.409931    141.000    142.344    13.3909  34.530068     0.5103 5.3360e-02      1.434      0.525    141.000    28.5932    21.3610    1496.28 0.0000e+00
       3409 143.409999    142.000    143.354    13.3911  34.531034     0.5109 5.3352e-02      1.393      0.510    142.000    28.5935    21.3613    1496.30 0.0000e+00
       3458 143.410141    143.000    144.364    13.3909  34.532405     0.5130 5.3351e-02      1.400      0.512    143.000    28.5945    21.3621    1496.32 0.0000e+00
       3498 143.410257    142.000    143.354    13.3907  34.531325     0.5168 5.3337e-02      1.397      0.511    142.000    28.5941    21.3618    1496.30 0.0000e+00
       3523 143.410331    141.000    142.344    13.3906  34.529919     0.5095 5.3350e-02      1.390      0.508    141.000    28.5932    21.3611    1496.28 0.0000e+00
       3548 143.410402    140.000    141.334    13.3904  34.529002     0.5078 5.3360e-02      1.399      0.512    140.000    28.5929    21.3609    1496.26 0.0000e+00
       3573 143.410475    139.000    140.324    13.3902  34.528047     0.5089 5.3360e-02      1.375      0.503    139.000    28.5925    21.3606    1496.24 0.0000e+00
       3597 143.410543    138.000    139.314    13.3900  34.527008     0.5090 5.3360e-02      1.379      0.505    138.000    28.5921    21.3603    1496.23 0.0000e+00
       3621 143.410614    137.000    138.304    13.3896  34.525423     0.5101 5.3369e-02      1.393      0.510    137.000    28.5912    21.3598    1496.21 0.0000e+00
       3645 143.410684    136.000    137.295    13.3893  34.523707     0.5073 5.3371e-02      1.347      0.493    136.000    28.5903    21.3591    1496.19 0.0000e+00
       3669 143.410752    135.000    136.285    13.3890  34.521729     0.5054 5.3339e-02      1.389      0.508    135.000    28.5890    21.3582    1496.17 0.0000e+00
       3692 143.410818    134.000    135.275    13.3888  34.520170     0.5087 5.3350e-02      1.345      0.492    134.000    28.5881    21.3575    1496.15 0.0000e+00
       3715 143.410885    133.000    134.265    13.3885  34.518550     0.5029 5.3339e-02      1.357      0.497    133.000    28.5872    21.3569    1496.13 0.0000e+00
       3738 143.410952    132.000    133.255    13.3881  34.516327     0.5004 5.3351e-02      1.353      0.495    132.000    28.5858    21.3559    1496.11 0.0000e+00
       3761 143.411018    131.000    132.245    13.3878  34.514272     0.5021 5.3342e-02      1.385      0.506    131.000    28.5845    21.3549    1496.09 0.0000e+00
       3784 143.411085    130.000    131.235    13.3875  34.512806     0.4998 5.3345e-02      1.328      0.486    130.000    28.5838    21.3544    1496.07 0.0000e+00
       3807 143.411153    129.000    130.226    13.3872  34.511891     0.4993 5.3355e-02      1.366      0.500    129.000    28.5835    21.3543    1496.06 0.0000e+00
       3831 143.411222    128.000    129.216    13.3870  34.510837     0.5021 5.3352e-02      1.318      0.482    128.000    28.5830    21.3539    1496.04 0.0000e+00
       3856 143.411293    127.000    128.206    13.3867  34.509570     0.4986 5.3370e-02      1.337      0.489    127.000    28.5824    21.3535    1496.02 0.0000e+00
       3881 143.411366    126.000    127.196    13.3865  34.508713     0.4980 5.3352e-02      1.335      0.488    126.000    28.5821    21.3533    1496.00 0.0000e+00
       3907 143.411439    125.000    126.187    13.3863  34.507526     0.5011 5.3354e-02      1.313      0.480    125.000    28.5816    21.3529    1495.98 0.0000e+00
       3932 143.411513    124.000    125.177    13.3861  34.506762     0.4939 5.3351e-02      1.340      0.490    124.000    28.5814    21.3529    1495.97 0.0000e+00
       3957 143.411585    123.000    124.167    13.3859  34.505943     0.4992 5.3351e-02      1.338      0.489    123.000    28.5811    21.3527    1495.95 0.0000e+00
       3981 143.411656    122.000    123.157    13.3857  34.504854     0.5013 5.3350e-02      1.303      0.477    122.000    28.5806    21.3523    1495.93 0.0000e+00
       4006 143.411726    121.000    122.147    13.3855  34.504069     0.4973 5.3350e-02      1.346      0.492    121.000    28.5804    21.3522    1495.91 0.0000e+00
       4031 143.411799    120.000    121.138    13.3854  34.503185     0.4961 5.3369e-02      1.291      0.472    120.000    28.5801    21.3520    1495.90 0.0000e+00
       4057 143.411875    119.000    120.128    13.3851  34.502024     0.5002 5.3334e-02      1.310      0.479    119.000    28.5795    21.3516    1495.88 0.0000e+00
       4084 143.411952    118.000    119.118    13.3849  34.500847     0.4952 5.3361e-02      1.314      0.481    118.000    28.5790    21.3512    1495.86 0.0000e+00
       4110 143.412028    117.000    118.108    13.3846  34.499526     0.4971 5.3337e-02      1.322      0.483    117.000    28.5783    21.3507    1495.84 0.0000e+00
       4135 143.412100    116.000    117.098    13.3843  34.498008     0.4941 5.3343e-02      1.295      0.474    116.000    28.5775    21.3502    1495.82 0.0000e+00
       4160 143.412171    115.000    116.089    13.3840  34.496514     0.4907 5.3333e-02      1.321      0.483    115.000    28.5767    21.3496    1495.80 0.0000e+00
       4184 143.412242    114.000    115.079    13.3838  34.494891     0.4856 5.3340e-02      1.286      0.470    114.000    28.5758    21.3489    1495.79 0.0000e+00
       4208 143.412312    113.000    114.069    13.3832  34.491610     0.4895 5.3334e-02      1.324      0.484    113.000    28.5735    21.3473    1495.77 0.0000e+00
       4232 143.412381    112.000    113.059    13.3829  34.490252     0.4887 5.3350e-02      1.290      0.472    112.000    28.5729    21.3469    1495.75 0.0000e+00
       4255 143.412448    111.000    112.050    13.3825  34.487585     0.4836 5.3328e-02      1.308      0.479    111.000    28.5710    21.3456    1495.73 0.0000e+00
       4278 143.412516    110.000    111.040    13.3817  34.482058     0.4837 5.3348e-02      1.290      0.472    110.000    28.5669    21.3426    1495.70 0.0000e+00
       4302 143.412583    109.000    110.030    13.3804  34.474767     0.4752 5.3354e-02      1.308      0.478    109.000    28.5616    21.3387    1495.68 0.0000e+00
       4325 143.412651    108.000    109.020    13.3777  34.462383     0.4720 5.3358e-02      1.370      0.501    108.000    28.5526    21.3323    1495.64 0.0000e+00
       4349 143.412719    107.000    108.011    13.3768  34.454679     0.4691 5.3344e-02      1.453      0.531    107.000    28.5466    21.3278    1495.61 0.0000e+00
       4372 143.412785    106.000    107.001    13.3756  34.447089     0.4693 5.3355e-02      1.560      0.570    106.000    28.5408    21.3236    1495.58 0.0000e+00
       4395 143.412853    105.000    105.992    13.3749  34.444453     0.4725 5.3349e-02      1.569      0.574    105.000    28.5393    21.3225    1495.56 0.0000e+00
       4418 143.412919    104.000    104.982    13.3746  34.443797     0.4674 5.3321e-02      1.576      0.576    104.000    28.5392    21.3225    1495.55 0.0000e+00
       4441 143.412985    103.000    103.972    13.3738  34.439722     0.4688 5.3343e-02      1.676      0.613    103.000    28.5365    21.3205    1495.52 0.0000e+00
       4463 143.413050    102.000    102.962    13.3723  34.434223     0.4729 5.3345e-02      1.776      0.649    102.000    28.5329    21.3180    1495.50 0.0000e+00
       4485 143.413114    101.000    101.953    13.3713  34.428422     0.4631 5.3350e-02      2.036      0.744    101.000    28.5287    21.3150    1495.47 0.0000e+00
       4508 143.413180    100.000    100.943    13.3685  34.416836     0.4639 5.3328e-02      2.522      0.922    100.000    28.5205    21.3092    1495.44 0.0000e+00
       4532 143.413251     99.000     99.933    13.3664  34.410047     0.4582 5.3355e-02      2.686      0.982     99.000    28.5161    21.3063    1495.41 0.0000e+00
       4557 143.413322     98.000     98.924    13.3642  34.404498     0.4595 5.3342e-02      2.869      1.049     98.000    28.5131    21.3043    1495.38 0.0000e+00
       4582 143.413393     97.000     97.914    13.3612  34.396218     0.4640 5.3339e-02      3.247      1.187     97.000    28.5080    21.3010    1495.35 0.0000e+00
       4606 143.413465     96.000     96.904    13.3596  34.391357     0.4576 5.3333e-02      3.479      1.271     96.000    28.5051    21.2991    1495.32 0.0000e+00
       4630 143.413533     95.000     95.895    13.3583  34.388266     0.4586 5.3362e-02      3.673      1.342     95.000    28.5036    21.2982    1495.30 0.0000e+00
       4655 143.413604     94.000     94.885    13.3553  34.382673     0.4631 5.3349e-02      4.008      1.465     94.000    28.5011    21.2968    1495.27 0.0000e+00
