Data_manuscript/Scotland/SBE55/re5_1.cnv
* Sea-Bird SBE 19plus Data File:
* FileName = C:\Data\sbe55_sbe19p_5215\2023-05-23\RE5_1025.hex
* Software Version SeatermAF 2.1.4
* Temperature SN = 5215
* Conductivity SN = 5215
* System UpLoad Time = May 23 2023 11:04:35 (localtime) = May 23 2023 11:04:35 (UTC)
* ds
* SeacatPlus V 1.6b  SERIAL NO. 5215    23 May 2023  11:04:24
# nquan = 15                                
# nvalues = 6659                        
# units = specified
# name 0 = scan: Scan Count
# name 1 = timeJ: Julian Days
# name 2 = depSM: Depth [salt water, m], lat = 56.00
# name 3 = prdM: Pressure, Strain Gauge [db]
# name 4 = tv290C: Temperature [ITS-90, deg C]
# name 5 = c0mS/cm: Conductivity [mS/cm]
# name 6 = flECO-AFL: Fluorescence, WET Labs ECO-AFL/FL [mg/m^3]
# name 7 = par/sat/log: PAR/Logarithmic, Satlantic [umol photons/m^2/sec]
# name 8 = sbeox0Mm/L: Oxygen, SBE 43 [umol/l]
# name 9 = sbeox0PS: Oxygen, SBE 43 [% saturation]
# name 10 = depSM: Depth [salt water, m], lat = 56
# name 11 = sal00: Salinity, Practical [PSU]
# name 12 = sigma-t00: Density [sigma-t, kg/m^3 ]
# name 13 = svCM: Sound Velocity [Chen-Millero, m/s]
# name 14 = flag: flag
# span 0 =          1,       6659       
# span 1 = 143.400146, 143.419403       
# span 2 =      0.076,    143.212       
# span 3 =      0.076,    144.578       
# span 4 =    10.3705,    13.5143       
# span 5 =  -0.009461,  34.532669       
# span 6 =    -0.0380,    11.2838       
# span 7 = 5.3169e-02, 6.0828e+02       
# span 8 =      1.081,    332.583       
# span 9 =      0.396,    110.377       
# span 10 =      0.076,    143.212      
# span 11 =     0.0000,    28.5947      
# span 12 =    -0.6642,    21.3622      
# span 13 =    1459.03,    1496.32      
# span 14 = 0.0000e+00, 0.0000e+00      
# interval = seconds: 0.25
# start_time = May 23 2023 09:36:12 [Instrument's time stamp, header]
# bad_flag = -9.990e-29
*END*
[from data line 5687]
       5688 143.416595     46.192     46.622    11.0405  31.277708     0.3816 5.3332e-02    248.411     85.760     46.192    27.3177    20.7946    1485.04 0.0000e+00
       5689 143.416595     46.143     46.572    11.0409  31.277496     0.3726 5.3355e-02    248.764     85.880     46.143    27.3172    20.7941    1485.04 0.0000e+00
       5690 143.416595     46.094     46.522    11.0412  31.276974     0.3746 5.3308e-02    249.575     86.160     46.094    27.3165    20.7935    1485.03 0.0000e+00
       5691 143.416595     46.044     46.472    11.0413  31.276194     0.3716 5.3355e-02    249.563     86.155     46.044    27.3157    20.7929    1485.03 0.0000e+00
       5692 143.416611     45.994     46.422    11.0412  31.275249     0.3706 5.3273e-02    249.693     86.198     45.994    27.3149    20.7923    1485.03 0.0000e+00
       5693 143.416611     45.945     46.373    11.0408  31.274128     0.3736 5.3402e-02    250.715     86.549     45.945    27.3141    20.7917    1485.03 0.0000e+00
       5694 143.416611     45.897     46.323    11.0403  31.272774     0.3677 5.3355e-02    250.463     86.459     45.897    27.3132    20.7911    1485.02 0.0000e+00
       5695 143.416611     45.848     46.275    11.0395  31.271263     0.3716 5.3367e-02    250.461     86.457     45.848    27.3124    20.7906    1485.02 0.0000e+00
       5696 143.416611     45.800     46.226    11.0386  31.269711     0.3736 5.3355e-02    250.375     86.427     45.800    27.3116    20.7901    1485.01 0.0000e+00
       5697 143.416626     45.752     46.178    11.0376  31.268171     0.3696 5.3413e-02    250.167     86.356     45.752    27.3108    20.7897    1485.01 0.0000e+00
       5698 143.416626     45.704     46.129    11.0365  31.266758     0.3746 5.3343e-02    249.821     86.239     45.704    27.3103    20.7894    1485.00 0.0000e+00
       5699 143.416626     45.657     46.081    11.0355  31.265522     0.3736 5.3215e-02    250.009     86.306     45.657    27.3098    20.7893    1485.00 0.0000e+00
       5700 143.416626     45.609     46.033    11.0346  31.264412     0.3568 5.3250e-02    249.571     86.158     45.609    27.3095    20.7892    1484.99 0.0000e+00
       5701 143.416626     45.562     45.985    11.0338  31.263330     0.3488 5.3332e-02    249.224     86.041     45.562    27.3091    20.7890    1484.99 0.0000e+00
       5702 143.416641     45.514     45.937    11.0331  31.262205     0.3726 5.3367e-02    249.162     86.023     45.514    27.3085    20.7886    1484.99 0.0000e+00
       5703 143.416641     45.466     45.889    11.0324  31.261156     0.3776 5.3308e-02    249.448     86.123     45.466    27.3080    20.7884    1484.98 0.0000e+00
       5704 143.416641     45.418     45.840    11.0318  31.260212     0.3478 5.3355e-02    248.998     85.968     45.418    27.3076    20.7881    1484.98 0.0000e+00
       5705 143.416641     45.370     45.791    11.0312  31.259256     0.3736 5.3355e-02    249.130     86.015     45.370    27.3071    20.7878    1484.98 0.0000e+00
       5706 143.416641     45.321     45.743    11.0308  31.258308     0.3667 5.3390e-02    249.242     86.054     45.321    27.3065    20.7875    1484.97 0.0000e+00
       5707 143.416656     45.273     45.694    11.0303  31.257357     0.3786 5.3308e-02    248.869     85.926     45.273    27.3059    20.7871    1484.97 0.0000e+00
       5708 143.416656     45.224     45.645    11.0300  31.256252     0.3627 5.3332e-02    248.259     85.717     45.224    27.3051    20.7865    1484.97 0.0000e+00
       5709 143.416656     45.176     45.596    11.0297  31.254904     0.3716 5.3390e-02    247.153     85.336     45.176    27.3041    20.7857    1484.96 0.0000e+00
       5710 143.416656     45.128     45.547    11.0293  31.253468     0.3736 5.3355e-02    246.542     85.127     45.128    27.3030    20.7850    1484.96 0.0000e+00
       5711 143.416656     45.079     45.498    11.0289  31.252083     0.3548 5.3285e-02    245.558     84.788     45.079    27.3020    20.7843    1484.96 0.0000e+00
       5712 143.416656     45.031     45.449    11.0285  31.250927     0.3558 5.3343e-02    244.609     84.461     45.031    27.3012    20.7837    1484.95 0.0000e+00
       5713 143.416672     44.982     45.400    11.0282  31.250305     0.3528 5.3238e-02    243.348     84.026     44.982    27.3008    20.7835    1484.95 0.0000e+00
       5714 143.416672     44.933     45.351    11.0282  31.250237     0.3577 5.3355e-02    242.297     83.664     44.933    27.3008    20.7834    1484.95 0.0000e+00
       5715 143.416672     44.885     45.302    11.0286  31.250475     0.3597 5.3390e-02    241.616     83.430     44.885    27.3007    20.7834    1484.95 0.0000e+00
       5716 143.416672     44.837     45.253    11.0294  31.250799     0.3617 5.3308e-02    241.092     83.249     44.837    27.3005    20.7830    1484.95 0.0000e+00
       5717 143.416672     44.789     45.205    11.0305  31.251089     0.3726 5.3308e-02    240.646     83.095     44.789    27.2999    20.7824    1484.95 0.0000e+00
       5718 143.416687     44.742     45.158    11.0318  31.251350     0.3736 5.3355e-02    240.432     83.021     44.742    27.2992    20.7816    1484.96 0.0000e+00
       5719 143.416687     44.694     45.110    11.0332  31.251623     0.3756 5.3367e-02    240.294     82.973     44.694    27.2985    20.7809    1484.96 0.0000e+00
       5720 143.416687     44.647     45.061    11.0344  31.251865     0.3736 5.3273e-02    240.311     82.978     44.647    27.2978    20.7801    1484.96 0.0000e+00
       5721 143.416687     44.599     45.014    11.0355  31.252037     0.3498 5.3390e-02    240.272     82.964     44.599    27.2972    20.7795    1484.97 0.0000e+00
       5722 143.416687     44.552     44.966    11.0364  31.252214     0.3458 5.3355e-02    240.320     82.980     44.552    27.2967    20.7789    1484.97 0.0000e+00
       5723 143.416702     44.506     44.919    11.0372  31.252447     0.3488 5.3448e-02    240.227     82.947     44.506    27.2964    20.7785    1484.97 0.0000e+00
       5724 143.416702     44.459     44.873    11.0379  31.252712     0.3548 5.3367e-02    240.084     82.897     44.459    27.2961    20.7782    1484.97 0.0000e+00
       5725 143.416702     44.413     44.826    11.0385  31.252977     0.3290 5.3367e-02    239.929     82.842     44.413    27.2959    20.7780    1484.97 0.0000e+00
       5726 143.416702     44.365     44.778    11.0392  31.253250     0.3429 5.3425e-02    239.382     82.652     44.365    27.2957    20.7777    1484.97 0.0000e+00
       5727 143.416702     44.318     44.729    11.0399  31.253531     0.3359 5.3297e-02    239.635     82.738     44.318    27.2955    20.7774    1484.98 0.0000e+00
       5728 143.416718     44.269     44.681    11.0405  31.253784     0.3597 5.3367e-02    239.539     82.704     44.269    27.2953    20.7772    1484.98 0.0000e+00
       5729 143.416718     44.221     44.632    11.0410  31.253990     0.3617 5.3355e-02    239.639     82.738     44.221    27.2952    20.7770    1484.98 0.0000e+00
       5730 143.416718     44.172     44.583    11.0415  31.254158     0.3568 5.3308e-02    239.508     82.692     44.172    27.2950    20.7768    1484.98 0.0000e+00
       5731 143.416718     44.124     44.534    11.0419  31.254267     0.3568 5.3355e-02    239.564     82.712     44.124    27.2948    20.7765    1484.98 0.0000e+00
       5732 143.416718     44.075     44.485    11.0423  31.254295     0.3488 5.3320e-02    239.568     82.712     44.075    27.2946    20.7763    1484.98 0.0000e+00
       5733 143.416718     44.026     44.435    11.0426  31.254213     0.3647 5.3390e-02    239.475     82.679     44.026    27.2943    20.7760    1484.98 0.0000e+00
       5734 143.416733     43.976     44.385    11.0428  31.253984     0.3577 5.3343e-02    239.288     82.614     43.976    27.2939    20.7757    1484.98 0.0000e+00
       5735 143.416733     43.927     44.335    11.0430  31.253601     0.3587 5.3308e-02    238.736     82.422     43.927    27.2934    20.7753    1484.98 0.0000e+00
       5736 143.416733     43.878     44.286    11.0431  31.253101     0.3528 5.3390e-02    238.609     82.378     43.878    27.2929    20.7748    1484.98 0.0000e+00
       5737 143.416733     43.829     44.237    11.0431  31.252512     0.3508 5.3285e-02    238.516     82.346     43.829    27.2923    20.7744    1484.97 0.0000e+00
       5738 143.416733     43.781     44.188    11.0430  31.251818     0.3508 5.3355e-02    238.786     82.439     43.781    27.2917    20.7740    1484.97 0.0000e+00
       5739 143.416748     43.733     44.140    11.0429  31.251057     0.3429 5.3425e-02    238.818     82.448     43.733    27.2911    20.7735    1484.97 0.0000e+00
       5740 143.416748     43.686     44.091    11.0427  31.250231     0.3577 5.3367e-02    239.171     82.568     43.686    27.2904    20.7730    1484.97 0.0000e+00
       5741 143.416748     43.638     44.044    11.0425  31.249290     0.3548 5.3355e-02    239.510     82.684     43.638    27.2897    20.7725    1484.97 0.0000e+00
       5742 143.416748     43.591     43.996    11.0422  31.248281     0.3825 5.3308e-02    239.625     82.722     43.591    27.2890    20.7719    1484.96 0.0000e+00
       5743 143.416748     43.545     43.949    11.0419  31.247318     0.3696 5.3343e-02    240.053     82.867     43.545    27.2883    20.7715    1484.96 0.0000e+00
       5744 143.416763     43.498     43.902    11.0415  31.246456     0.3657 5.3413e-02    240.114     82.883     43.498    27.2878    20.7712    1484.96 0.0000e+00
       5745 143.416763     43.452     43.856    11.0411  31.245708     0.3548 5.3262e-02    240.065     82.865     43.452    27.2873    20.7709    1484.96 0.0000e+00
       5746 143.416763     43.405     43.809    11.0408  31.245083     0.3568 5.3332e-02    240.025     82.845     43.405    27.2870    20.7707    1484.95 0.0000e+00
       5747 143.416763     43.359     43.762    11.0405  31.244522     0.3568 5.3355e-02    240.156     82.888     43.359    27.2867    20.7705    1484.95 0.0000e+00
       5748 143.416763     43.312     43.715    11.0403  31.243914     0.3260 5.3390e-02    240.036     82.844     43.312    27.2863    20.7702    1484.95 0.0000e+00
       5749 143.416763     43.266     43.668    11.0401  31.243176     0.3419 5.3343e-02    240.240     82.915     43.266    27.2858    20.7698    1484.95 0.0000e+00
       5750 143.416779     43.219     43.620    11.0399  31.242332     0.3449 5.3343e-02    240.187     82.897     43.219    27.2851    20.7694    1484.94 0.0000e+00
       5751 143.416779     43.172     43.573    11.0396  31.241489     0.3687 5.3262e-02    240.096     82.863     43.172    27.2845    20.7690    1484.94 0.0000e+00
       5752 143.416779     43.125     43.525    11.0393  31.240704     0.3647 5.3320e-02    240.229     82.907     43.125    27.2840    20.7686    1484.94 0.0000e+00
       5753 143.416779     43.077     43.477    11.0390  31.239992     0.3637 5.3367e-02    240.279     82.924     43.077    27.2836    20.7683    1484.94 0.0000e+00
       5754 143.416779     43.028     43.428    11.0387  31.239330     0.3538 5.3297e-02    240.331     82.940     43.028    27.2831    20.7680    1484.93 0.0000e+00
       5755 143.416794     42.980     43.379    11.0385  31.238585     0.3587 5.3367e-02    240.406     82.965     42.980    27.2826    20.7677    1484.93 0.0000e+00
       5756 143.416794     42.931     43.330    11.0382  31.237556     0.3568 5.3332e-02    240.474     82.987     42.931    27.2819    20.7671    1484.93 0.0000e+00
       5757 143.416794     42.883     43.281    11.0378  31.236193     0.3617 5.3355e-02    240.613     83.036     42.883    27.2808    20.7664    1484.93 0.0000e+00
       5758 143.416794     42.834     43.232    11.0373  31.234636     0.3568 5.3320e-02    240.806     83.102     42.834    27.2798    20.7656    1484.92 0.0000e+00
       5759 143.416794     42.786     43.183    11.0366  31.232906     0.3449 5.3355e-02    240.865     83.122     42.786    27.2786    20.7648    1484.92 0.0000e+00
       5760 143.416809     42.737     43.134    11.0358  31.230806     0.3429 5.3320e-02    240.960     83.153     42.737    27.2771    20.7638    1484.91 0.0000e+00
       5761 143.416809     42.689     43.086    11.0350  31.228273     0.3577 5.3308e-02    241.063     83.189     42.689    27.2754    20.7626    1484.91 0.0000e+00
       5762 143.416809     42.641     43.038    11.0340  31.225636     0.3637 5.3332e-02    241.160     83.223     42.641    27.2736    20.7614    1484.90 0.0000e+00
       5763 143.416809     42.594     42.990    11.0328  31.223068     0.3478 5.3355e-02    241.223     83.244     42.594    27.2720    20.7603    1484.89 0.0000e+00
       5764 143.416809     42.547     42.942    11.0317  31.220642     0.3508 5.3390e-02    241.452     83.323     42.547    27.2705    20.7594    1484.89 0.0000e+00
       5765 143.416824     42.500     42.895    11.0306  31.218788     0.3736 5.3355e-02    241.742     83.422     42.500    27.2696    20.7588    1484.88 0.0000e+00
       5766 143.416824     42.453     42.848    11.0296  31.217607     0.3706 5.3355e-02    242.087     83.541     42.453    27.2692    20.7587    1484.88 0.0000e+00
       5767 143.416824     42.407     42.800    11.0288  31.216711     0.3736 5.3355e-02    242.362     83.636     42.407    27.2688    20.7586    1484.87 0.0000e+00
       5768 143.416824     42.360     42.753    11.0283  31.215601     0.3716 5.3402e-02    242.706     83.754     42.360    27.2682    20.7581    1484.87 0.0000e+00
       5769 143.416824     42.313     42.706    11.0279  31.214199     0.3419 5.3355e-02    243.180     83.918     42.313    27.2672    20.7574    1484.86 0.0000e+00
       5770 143.416824     42.266     42.659    11.0274  31.212904     0.3349 5.3390e-02    243.393     83.992     42.266    27.2663    20.7568    1484.86 0.0000e+00
       5771 143.416840     42.219     42.612    11.0268  31.211830     0.3320 5.3355e-02    243.660     84.083     42.219    27.2657    20.7564    1484.86 0.0000e+00
       5772 143.416840     42.172     42.564    11.0264  31.210865     0.3587 5.3355e-02    243.674     84.088     42.172    27.2651    20.7561    1484.85 0.0000e+00
       5773 143.416840     42.125     42.516    11.0260  31.210047     0.3478 5.3367e-02    243.951     84.183     42.125    27.2647    20.7558    1484.85 0.0000e+00
       5774 143.416840     42.077     42.468    11.0256  31.209452     0.3548 5.3390e-02    244.048     84.217     42.077    27.2643    20.7556    1484.85 0.0000e+00
       5775 143.416840     42.028     42.419    11.0254  31.209011     0.3627 5.3308e-02    244.293     84.301     42.028    27.2641    20.7555    1484.85 0.0000e+00
       5776 143.416855     41.980     42.370    11.0252  31.208549     0.3508 5.3250e-02    244.464     84.361     41.980    27.2638    20.7553    1484.85 0.0000e+00
       5777 143.416855     41.931     42.320    11.0250  31.208019     0.3568 5.3297e-02    244.740     84.457     41.931    27.2635    20.7550    1484.84 0.0000e+00
       5778 143.416855     41.882     42.271    11.0249  31.207611     0.3587 5.3355e-02    244.994     84.545     41.882    27.2632    20.7548    1484.84 0.0000e+00
       5779 143.416855     41.833     42.221    11.0248  31.207350     0.3637 5.3332e-02    245.295     84.649     41.833    27.2630    20.7547    1484.84 0.0000e+00
       5780 143.416855     41.784     42.172    11.0247  31.207027     0.3558 5.3203e-02    245.477     84.714     41.784    27.2628    20.7545    1484.84 0.0000e+00
       5781 143.416870     41.735     42.123    11.0246  31.206602     0.3627 5.3285e-02    245.941     84.874     41.735    27.2625    20.7543    1484.84 0.0000e+00
       5782 143.416870     41.686     42.073    11.0245  31.206205     0.3746 5.3367e-02    246.452     85.051     41.686    27.2622    20.7541    1484.84 0.0000e+00
       5783 143.416870     41.638     42.024    11.0244  31.205889     0.3776 5.3355e-02    246.990     85.237     41.638    27.2620    20.7540    1484.84 0.0000e+00
